-129.13669	915.75364	1140.06396	0.89637	-0.43916	0.06052	0.4433	0.88698	-0.12944	0.00316	0.14285	0.98974
-129.1461	915.56269	1139.62725	0.8969	-0.43766	0.06344	0.44224	0.8876	-0.12879	0.00005	0.14357	0.98964
-129.10009	915.65112	1139.80533	0.897	-0.43791	0.06019	0.44202	0.88778	-0.12834	0.00277	0.14173	0.9899
-129.1904	915.47333	1139.50287	0.89735	-0.43701	0.06157	0.44132	0.88819	-0.1279	0.00121	0.14194	0.98987
-129.14569	915.36771	1139.36205	0.89752	-0.43669	0.0613	0.44097	0.88846	-0.12726	0.00111	0.14125	0.98997
-128.71371	915.40944	1139.64461	0.89724	-0.43722	0.06156	0.44154	0.88831	-0.12632	0.00055	0.14052	0.99008
-128.82116	915.18494	1139.0417	0.89689	-0.4382	0.05978	0.44225	0.88828	-0.12397	0.00123	0.13762	0.99048
-128.80373	914.94708	1138.80499	0.89686	-0.43826	0.05978	0.44231	0.88837	-0.12314	0.00087	0.13688	0.99059
-128.79059	914.75004	1138.62781	0.89674	-0.43859	0.05921	0.44256	0.88834	-0.12243	0.0011	0.13599	0.99071
-128.73157	914.51034	1138.42022	0.89651	-0.43911	0.05876	0.44302	0.88824	-0.1215	0.00116	0.13496	0.99085
-128.70729	914.22518	1138.17451	0.89638	-0.43945	0.05823	0.44329	0.88824	-0.12053	0.00124	0.13385	0.991
-128.62629	913.95309	1138.01985	0.89613	-0.43998	0.05809	0.44379	0.8881	-0.11967	0.00106	0.13302	0.99111
-128.61536	913.63882	1137.87867	0.89584	-0.44061	0.05776	0.44438	0.88789	-0.11907	0.00118	0.13233	0.9912
-128.50239	913.40861	1137.73183	0.89551	-0.44139	0.05688	0.44504	0.88769	-0.1181	0.00164	0.13107	0.99137
-128.55131	913.0031	1137.49287	0.89544	-0.44149	0.05725	0.44519	0.88772	-0.11735	0.00099	0.13056	0.99144
-128.53931	912.66567	1137.35913	0.89523	-0.44195	0.05695	0.44561	0.88762	-0.11647	0.00092	0.12964	0.99156
-128.51171	912.33306	1137.22612	0.89502	-0.44239	0.0568	0.44602	0.88756	-0.11538	0.00063	0.1286	0.9917
-128.49269	911.98141	1137.05133	0.89478	-0.44289	0.05667	0.4465	0.88748	-0.11413	0.00026	0.12742	0.99185
-128.5376	911.67206	1136.94702	0.89475	-0.44302	0.05615	0.44657	0.8876	-0.11291	0.00018	0.1261	0.99202
-128.55561	911.37114	1136.81758	0.89478	-0.44296	0.05622	0.44652	0.88775	-0.11194	-0.00032	0.12526	0.99212
-128.60039	911.0434	1136.67088	0.89479	-0.44299	0.05573	0.44648	0.8879	-0.11087	-0.00037	0.12409	0.99227
-128.68523	910.74015	1136.65365	0.89503	-0.44256	0.05525	0.446	0.88826	-0.10995	-0.00042	0.12305	0.9924
-128.79237	910.40128	1136.55134	0.89524	-0.44217	0.05508	0.44558	0.88865	-0.10844	-0.001	0.12162	0.99258
-128.83854	910.07984	1136.52894	0.89569	-0.44126	0.05513	0.44468	0.88928	-0.10694	-0.00184	0.1203	0.99274
-128.96624	909.81192	1136.55687	0.89616	-0.44029	0.05514	0.44372	0.88992	-0.1056	-0.00257	0.1191	0.99288
-129.07663	909.50493	1136.58171	0.89668	-0.43922	0.05524	0.44267	0.89058	-0.10443	-0.00333	0.1181	0.993
-129.18309	909.23286	1136.5876	0.89734	-0.43785	0.05544	0.44133	0.89139	-0.10322	-0.00422	0.11709	0.99311
-129.27526	908.94825	1136.68402	0.89807	-0.43634	0.05546	0.43983	0.89224	-0.10227	-0.00486	0.11624	0.99321
-129.35762	908.75196	1136.80436	0.89849	-0.43555	0.05486	0.43896	0.89283	-0.10084	-0.00507	0.11468	0.99339
-129.55663	908.45376	1136.86205	0.89943	-0.43359	0.05502	0.43702	0.89392	-0.09954	-0.00602	0.11358	0.99351
-129.75579	908.17625	1136.81032	0.90028	-0.43177	0.05538	0.43525	0.89481	-0.09936	-0.00665	0.11356	0.99351
-129.9158	907.94186	1136.85016	0.90097	-0.43032	0.05556	0.43382	0.89566	-0.09793	-0.00763	0.11233	0.99364
-130.08326	907.66796	1136.9347	0.90167	-0.42882	0.05575	0.43234	0.8965	-0.09675	-0.00849	0.11134	0.99375
-130.24281	907.40925	1136.99407	0.90236	-0.42732	0.05602	0.43088	0.89733	-0.09564	-0.00939	0.11044	0.99384
-130.34041	907.15101	1137.11618	0.90296	-0.42604	0.05614	0.4296	0.89813	-0.09384	-0.01044	0.10885	0.994
-130.49812	906.86127	1137.19143	0.90354	-0.42484	0.05597	0.42837	0.89887	-0.09239	-0.01106	0.10745	0.99415
-130.66951	906.58109	1137.25285	0.90401	-0.42384	0.05587	0.42735	0.89948	-0.09116	-0.01161	0.10629	0.99427
-130.79688	906.28144	1137.25518	0.90452	-0.42275	0.05592	0.42625	0.90014	-0.08979	-0.01238	0.10506	0.99439
-130.93438	905.97872	1137.27324	0.90494	-0.42187	0.05581	0.42535	0.9007	-0.08847	-0.01294	0.1038	0.99451
-131.05506	905.66383	1137.24881	0.90533	-0.42103	0.05583	0.4245	0.9012	-0.0874	-0.01352	0.10283	0.99461
-131.29601	905.25464	1137.14451	0.90579	-0.42	0.05614	0.4235	0.90172	-0.08688	-0.01413	0.10247	0.99464
-131.42789	904.94006	1137.09786	0.90597	-0.41959	0.05619	0.42308	0.90202	-0.0858	-0.01469	0.1015	0.99473
-131.56756	904.56002	1137.03471	0.9061	-0.41934	0.05594	0.42279	0.90226	-0.08473	-0.01494	0.10043	0.99483
-131.65283	904.21514	1136.96171	0.90612	-0.41934	0.05567	0.42275	0.90236	-0.08384	-0.01508	0.09951	0.99492
-131.74617	903.84319	1136.86577	0.90599	-0.41967	0.05521	0.42302	0.90231	-0.08303	-0.01497	0.09858	0.99502
-131.85621	903.443	1136.63922	0.90583	-0.42011	0.0546	0.42338	0.90226	-0.08168	-0.01495	0.09711	0.99516
-131.90923	903.0306	1136.50752	0.90561	-0.42065	0.05409	0.42386	0.9021	-0.08102	-0.01471	0.0963	0.99524
-131.96635	902.67025	1136.34426	0.90528	-0.42142	0.05367	0.42457	0.90184	-0.08009	-0.01466	0.09529	0.99534
-131.97841	902.28537	1136.23575	0.90498	-0.42213	0.05314	0.42522	0.90155	-0.07996	-0.01416	0.09496	0.99538
-132.00188	901.88017	1136.03995	0.90452	-0.4232	0.05241	0.42622	0.90113	-0.07935	-0.01365	0.09411	0.99547
-132.041	901.47064	1135.8513	0.90399	-0.42442	0.05161	0.42734	0.90067	-0.07853	-0.01315	0.09304	0.99558
-132.03342	901.047	1135.65214	0.90348	-0.4256	0.05086	0.42844	0.90021	-0.07785	-0.01265	0.09213	0.99567
-132.06086	900.6116	1135.4201	0.90284	-0.42707	0.04991	0.42981	0.8996	-0.07732	-0.01188	0.09126	0.99576
-132.0689	900.19503	1135.24021	0.90226	-0.42839	0.0491	0.43105	0.89907	-0.07668	-0.0113	0.09035	0.99585
-132.08666	899.79345	1135.04016	0.90164	-0.42979	0.0483	0.43236	0.89849	-0.07598	-0.01074	0.08939	0.99594
-132.12764	899.37817	1134.81093	0.90094	-0.43135	0.04733	0.43382	0.89783	-0.07546	-0.00994	0.08852	0.99603
-132.13849	898.95594	1134.55774	0.90027	-0.43287	0.04624	0.43524	0.89718	-0.07506	-0.00899	0.0877	0.99611
-132.24153	898.56806	1134.31039	0.8996	-0.43434	0.0454	0.43663	0.89656	-0.07442	-0.00838	0.08677	0.99619
-132.34651	898.20139	1134.04012	0.89903	-0.43561	0.04459	0.43782	0.89602	-0.07395	-0.00774	0.086	0.99627
-132.47553	897.83967	1133.8253	0.8985	-0.43678	0.0438	0.43892	0.89554	-0.07327	-0.00722	0.08505	0.99635
-132.64741	897.48497	1133.56015	0.89793	-0.43802	0.04319	0.44009	0.89498	-0.073	-0.00668	0.08455	0.9964
-132.81549	897.19951	1133.22678	0.89737	-0.43919	0.04281	0.44122	0.89447	-0.07242	-0.00649	0.08388	0.99645
-133.06962	896.89101	1132.94291	0.89701	-0.43993	0.04279	0.44196	0.89413	-0.07211	-0.00653	0.08359	0.99648
-133.45473	896.5312	1132.55799	0.89684	-0.44031	0.04253	0.44231	0.89397	-0.07192	-0.00635	0.08332	0.9965
-133.6795	896.27613	1132.19762	0.8965	-0.44096	0.04287	0.44298	0.89371	-0.07104	-0.00699	0.08268	0.99655
-134.07868	895.89855	1131.69381	0.89634	-0.44129	0.04282	0.44331	0.8935	-0.07158	-0.00667	0.08314	0.99652
-134.47659	895.62421	1131.33464	0.89616	-0.44163	0.04319	0.44368	0.89339	-0.07069	-0.00737	0.08251	0.99656
-134.93554	895.30909	1130.94274	0.89597	-0.44202	0.04311	0.44406	0.89322	-0.07046	-0.00736	0.08228	0.99658
-135.47554	894.92319	1130.58404	0.89598	-0.44195	0.04366	0.44403	0.89325	-0.07033	-0.00792	0.0824	0.99657
-136.03748	894.56571	1130.2357	0.896	-0.44183	0.04432	0.44397	0.89331	-0.06998	-0.00867	0.08237	0.99656
-136.70165	894.11231	1129.86967	0.8961	-0.44155	0.04507	0.44375	0.89339	-0.07028	-0.00924	0.08298	0.99651
-137.37257	893.64378	1129.65259	0.89617	-0.44136	0.04549	0.44358	0.89357	-0.06903	-0.01018	0.08204	0.99658
-138.12582	893.12988	1129.45879	0.8964	-0.44085	0.04592	0.44311	0.89384	-0.06862	-0.0108	0.08187	0.99658
-138.98024	892.56884	1129.26803	0.89667	-0.44027	0.04639	0.44255	0.89417	-0.06782	-0.01162	0.08135	0.99662
-139.8752	891.97065	1129.06689	0.89697	-0.43957	0.0471	0.44191	0.89455	-0.06713	-0.01263	0.08103	0.99663
-140.86817	891.33606	1128.93616	0.89728	-0.43885	0.04792	0.44125	0.89489	-0.06686	-0.01354	0.08114	0.99661
-141.91942	890.63662	1128.8085	0.89753	-0.43825	0.04874	0.44071	0.89517	-0.06661	-0.01444	0.08126	0.99659
-143.0259	889.8714	1128.73315	0.89778	-0.43769	0.04921	0.44019	0.89547	-0.06606	-0.01515	0.08097	0.9966
-144.19492	889.00848	1128.68247	0.89798	-0.43718	0.05009	0.43974	0.89572	-0.06562	-0.01618	0.08095	0.99659
-145.48408	888.12928	1128.6412	0.89815	-0.43675	0.05073	0.43936	0.89595	-0.06507	-0.01703	0.08073	0.99659
-146.83645	887.12996	1128.55508	0.89835	-0.43621	0.05183	0.4389	0.89621	-0.06465	-0.01826	0.08083	0.99656
-148.28348	886.11077	1128.49536	0.89832	-0.43617	0.05262	0.43891	0.89623	-0.06418	-0.01917	0.08075	0.99655
-149.77744	884.94924	1128.36221	0.89831	-0.43606	0.05384	0.43889	0.89631	-0.06337	-0.02063	0.08056	0.99654
-151.40313	883.7147	1128.20034	0.89821	-0.43613	0.05487	0.43902	0.8963	-0.06246	-0.02194	0.08019	0.99654
-153.11241	882.39973	1128.0745	0.89794	-0.43658	0.05572	0.43952	0.89612	-0.06166	-0.02301	0.07986	0.99654
-154.92078	881.07578	1127.9605	0.89765	-0.43703	0.05691	0.44004	0.89593	-0.06069	-0.02447	0.07952	0.99653
-156.80473	879.55898	1127.8116	0.89732	-0.43756	0.05792	0.44064	0.89568	-0.05997	-0.02564	0.07933	0.99652
-158.76785	877.99245	1127.65225	0.89685	-0.43843	0.05865	0.44153	0.8953	-0.05911	-0.0266	0.07891	0.99653
-160.85229	876.28891	1127.41436	0.89628	-0.43945	0.05972	0.44262	0.89481	-0.05842	-0.02776	0.07879	0.9965
-162.99526	874.49626	1127.32678	0.89566	-0.4406	0.0606	0.44383	0.89421	-0.05831	-0.02849	0.07912	0.99646
-165.22938	872.61992	1127.26117	0.89495	-0.44194	0.06121	0.44522	0.89353	-0.05824	-0.02896	0.07938	0.99642
-167.56638	870.59498	1127.24289	0.89416	-0.44346	0.06179	0.44678	0.89273	-0.05842	-0.02926	0.07984	0.99638
-170.03514	868.41957	1127.26023	0.89337	-0.44505	0.06179	0.44837	0.89193	-0.05844	-0.0291	0.07992	0.99638
-172.5815	866.16734	1127.26431	0.89237	-0.44712	0.06135	0.45041	0.8909	-0.05854	-0.02848	0.07987	0.9964
-175.26834	863.70246	1127.28879	0.89136	-0.44913	0.06131	0.45242	0.88988	-0.05853	-0.02827	0.07991	0.9964
-178.05957	861.18414	1127.2273	0.89012	-0.45156	0.06141	0.45486	0.88861	-0.05896	-0.02794	0.08041	0.99637
-180.98203	858.57019	1127.19584	0.88884	-0.45407	0.06158	0.45737	0.88734	-0.05864	-0.02801	0.08029	0.99638
-183.97102	855.7856	1127.17241	0.88727	-0.45705	0.06202	0.46038	0.88577	-0.05874	-0.02809	0.08067	0.99634
-187.13904	852.89519	1127.12183	0.88556	-0.46032	0.06241	0.46367	0.88409	-0.05826	-0.02836	0.08053	0.99635
-190.42664	849.97288	1127.02322	0.8836	-0.46404	0.06252	0.46738	0.88216	-0.05788	-0.0283	0.08037	0.99636
-193.76711	846.9525	1126.93017	0.88138	-0.46815	0.06321	0.47151	0.88002	-0.05697	-0.02896	0.08002	0.99637
-197.284	843.90702	1126.83743	0.8789	-0.47254	0.06517	0.47603	0.87763	-0.0562	-0.03064	0.08041	0.99629
-200.87606	840.84049	1126.72178	0.87652	-0.47679	0.06619	0.48032	0.87536	-0.05513	-0.03165	0.08011	0.99628
-204.52855	837.69083	1126.50686	0.87389	-0.48146	0.06712	0.48503	0.87283	-0.05404	-0.03256	0.07978	0.99628
-208.29192	834.59686	1126.24646	0.87106	-0.48638	0.06846	0.49001	0.87009	-0.0532	-0.03369	0.07989	0.99623
-212.09364	831.40891	1126.10207	0.86813	-0.4914	0.0698	0.4951	0.86727	-0.05219	-0.0349	0.07986	0.99619
-215.92369	828.33737	1125.98503	0.86518	-0.49639	0.07118	0.50016	0.86443	-0.05103	-0.0362	0.07975	0.99616
-219.83121	825.2421	1125.87053	0.86211	-0.50149	0.07267	0.50534	0.86146	-0.05013	-0.03747	0.07994	0.9961
-223.74437	822.13558	1125.87587	0.85913	-0.50648	0.07325	0.51032	0.85862	-0.04854	-0.03831	0.07908	0.99613
-227.68118	819.09649	1125.76637	0.85619	-0.51142	0.07337	0.51521	0.85577	-0.04713	-0.03868	0.07815	0.99619
-231.66972	816.13718	1125.72576	0.85336	-0.51616	0.07324	0.51987	0.85304	-0.04542	-0.03903	0.07683	0.99628
-235.75407	813.268	1125.68048	0.85045	-0.52098	0.0729	0.52458	0.85024	-0.04356	-0.03929	0.07529	0.99639
-239.86061	810.47749	1125.63569	0.84758	-0.52566	0.0727	0.52914	0.84756	-0.04078	-0.04018	0.07304	0.99652
-243.99392	807.6357	1125.58813	0.84509	-0.52976	0.07201	0.53306	0.84525	-0.03746	-0.04102	0.07004	0.9967
-248.13909	804.88497	1125.5858	0.84272	-0.53362	0.07127	0.53672	0.84308	-0.034	-0.04194	0.06691	0.99688
-252.35908	802.31009	1125.60442	0.84026	-0.53756	0.07066	0.54048	0.84081	-0.03049	-0.04302	0.06381	0.99703
-256.68659	799.71018	1125.60653	0.83801	-0.54117	0.0698	0.54389	0.83872	-0.02718	-0.04384	0.06074	0.99719
-261.13349	797.30131	1125.63631	0.83547	-0.54519	0.06903	0.54771	0.83633	-0.02366	-0.04483	0.05758	0.99733
-265.68965	794.85619	1125.77848	0.83305	-0.54897	0.06825	0.5513	0.83406	-0.02032	-0.04577	0.05455	0.99746
-270.35984	792.35798	1126.01532	0.8311	-0.55201	0.06749	0.55414	0.83225	-0.0169	-0.04684	0.05144	0.99758
-275.17077	790.00027	1126.48002	0.82918	-0.55503	0.06631	0.55691	0.83048	-0.01261	-0.04807	0.04738	0.99772
-280.10673	787.6963	1127.05252	0.82719	-0.55805	0.06585	0.55969	0.82866	-0.0081	-0.05004	0.04356	0.9978
-285.20314	785.44521	1127.82873	0.82509	-0.56115	0.06588	0.56256	0.82675	-0.00356	-0.05247	0.04	0.99782
-290.40137	783.29914	1128.63481	0.82312	-0.56399	0.06626	0.56518	0.82497	0.00108	-0.05527	0.03656	0.9978
-295.66903	781.14299	1129.60064	0.82127	-0.56665	0.06643	0.56761	0.82328	0.00526	-0.05767	0.03339	0.99778
-300.94261	779.1212	1130.52923	0.81947	-0.56913	0.06753	0.56986	0.82168	0.00975	-0.06104	0.03049	0.99767
-306.37536	777.07905	1131.61459	0.81768	-0.5715	0.06918	0.57206	0.8201	0.01337	-0.06437	0.02864	0.99751
-311.84771	775.30416	1133.00866	0.81602	-0.57372	0.07048	0.57409	0.81862	0.01681	-0.06735	0.02674	0.99737
-317.37712	773.53044	1134.59122	0.8143	-0.57586	0.07274	0.57612	0.81713	0.01946	-0.07064	0.02606	0.99716
-322.91916	771.86676	1136.25709	0.81277	-0.57771	0.07522	0.57786	0.81584	0.02187	-0.074	0.02569	0.99693
-328.55583	770.27778	1138.16896	0.81131	-0.57939	0.07794	0.57952	0.81462	0.02326	-0.07697	0.02629	0.99669
-334.18201	768.76377	1140.27002	0.80998	-0.58089	0.08064	0.58099	0.81354	0.02464	-0.07992	0.02689	0.99644
-339.80672	767.25562	1142.63473	0.80901	-0.58203	0.08212	0.5821	0.81271	0.02559	-0.08163	0.0271	0.99629
-345.66959	765.87748	1145.30505	0.80811	-0.58327	0.08221	0.58328	0.81184	0.02647	-0.08218	0.02656	0.99626
-351.38319	764.70491	1148.41975	0.80724	-0.5845	0.08205	0.58461	0.81092	0.02511	-0.08122	0.0277	0.99631
-357.08801	763.49077	1151.62794	0.80652	-0.58551	0.08182	0.58566	0.81018	0.02477	-0.08079	0.02794	0.99634
-362.69374	762.20542	1154.80097	0.80611	-0.58612	0.08159	0.5863	0.80973	0.02425	-0.08028	0.02828	0.99637
-368.34456	761.04483	1158.15475	0.80555	-0.58704	0.08047	0.58729	0.80905	0.02306	-0.07864	0.02869	0.99649
-373.94908	759.87049	1161.56082	0.80502	-0.588	0.07867	0.58828	0.80835	0.02201	-0.07654	0.02856	0.99666
-379.50492	758.796	1165.17024	0.80479	-0.5886	0.07658	0.5889	0.80793	0.02101	-0.07424	0.02819	0.99684
-385.02253	757.71549	1168.81307	0.80458	-0.58928	0.07354	0.58957	0.80747	0.02004	-0.07119	0.02723	0.99709
-390.46878	756.60356	1172.37161	0.80408	-0.59026	0.07104	0.59056	0.80677	0.01887	-0.06845	0.02677	0.9973
-395.83617	755.55086	1175.99377	0.80378	-0.59109	0.06753	0.59141	0.80619	0.01731	-0.06467	0.02602	0.99757
-401.18271	754.5418	1179.48569	0.80322	-0.59214	0.06486	0.59254	0.8054	0.01486	-0.06104	0.0265	0.99778
-406.3356	753.41551	1182.88223	0.8028	-0.59297	0.06243	0.59347	0.80477	0.01225	-0.05751	0.02721	0.99797
-411.48168	752.30801	1186.24557	0.80208	-0.59414	0.06046	0.59475	0.80386	0.00935	-0.05416	0.02846	0.99813
-416.49623	751.18592	1189.48681	0.80139	-0.59522	0.05914	0.59591	0.80302	0.00698	-0.05164	0.02965	0.99823
-421.43441	749.99109	1192.64044	0.80038	-0.59667	0.05818	0.59748	0.80187	0.00428	-0.04921	0.03133	0.9983
-426.19948	748.77881	1195.71493	0.799	-0.59853	0.05794	0.59943	0.80042	0.00227	-0.04774	0.03292	0.99832
-430.75611	747.5361	1198.72589	0.79799	-0.59974	0.05939	0.60075	0.79944	0.00109	-0.04813	0.03481	0.99823
-435.2253	746.23447	1201.74825	0.79596	-0.60216	0.06202	0.60335	0.79748	-0.00042	-0.04921	0.03775	0.99807
-439.27784	744.81941	1204.57443	0.7944	-0.60385	0.06553	0.60514	0.79612	0.00009	-0.05222	0.03958	0.99785
-443.10442	743.33414	1207.40546	0.79256	-0.60587	0.06904	0.60729	0.79448	0.00055	-0.05518	0.0415	0.99761
-446.58753	741.73464	1210.13452	0.79071	-0.60783	0.07293	0.60938	0.79288	0.00121	-0.05856	0.04349	0.99734
-449.84551	740.10572	1212.58961	0.78859	-0.61027	0.07543	0.6119	0.79093	0.00187	-0.0608	0.04468	0.99715
-452.81863	738.32553	1214.8999	0.78658	-0.61267	0.07696	0.61433	0.78905	0.00267	-0.06236	0.04518	0.99703
-455.50843	736.51749	1216.97592	0.78465	-0.61523	0.07628	0.61677	0.78713	0.00422	-0.06264	0.04373	0.99708
-457.96229	734.68683	1218.72797	0.78257	-0.61814	0.07405	0.61946	0.785	0.0064	-0.06208	0.04086	0.99723
-460.18559	732.70265	1220.12937	0.78043	-0.62106	0.07221	0.62218	0.78283	0.00852	-0.06182	0.03827	0.99735
-462.16612	730.71554	1221.23462	0.77822	-0.62395	0.07117	0.62488	0.78065	0.01108	-0.06248	0.03585	0.9974
-463.90227	728.69198	1222.06313	0.77632	-0.62628	0.07143	0.62709	0.77884	0.01322	-0.06392	0.03453	0.99736
-465.42456	726.65824	1222.59274	0.77446	-0.62836	0.07333	0.62914	0.77715	0.01483	-0.06631	0.03465	0.9972
-466.79141	724.59836	1223.00909	0.77253	-0.63038	0.0763	0.63117	0.77547	0.01621	-0.06939	0.03563	0.99695
-467.982	722.50382	1223.27051	0.77051	-0.63233	0.08039	0.63323	0.77378	0.01708	-0.073	0.03775	0.99662
-468.91969	720.41524	1223.40825	0.76889	-0.63365	0.08541	0.63468	0.77257	0.018	-0.07739	0.04037	0.99618
-469.67966	718.33726	1223.35558	0.76729	-0.63476	0.09134	0.63603	0.77145	0.01824	-0.08204	0.0441	0.99565
-470.2996	716.16934	1223.03157	0.76584	-0.63549	0.0982	0.63706	0.77059	0.01855	-0.08746	0.04835	0.99499
-470.64379	714.1666	1222.58361	0.7646	-0.63579	0.10563	0.63779	0.77	0.018	-0.09278	0.05361	0.99424
-470.93319	712.0343	1222.01753	0.76353	-0.63579	0.11314	0.63827	0.76961	0.01739	-0.09813	0.05894	0.99343
-471.07141	709.801	1221.37013	0.76251	-0.63552	0.12123	0.63854	0.7694	0.01705	-0.10411	0.06442	0.99248
-470.92224	707.57129	1220.69822	0.76157	-0.63497	0.12971	0.63873	0.76927	0.01566	-0.10973	0.07092	0.99143
-470.72749	705.33932	1220.07634	0.76057	-0.63441	0.13805	0.63892	0.76914	0.01451	-0.11539	0.07716	0.99032
-470.30197	703.0143	1219.45052	0.7598	-0.63331	0.14701	0.63867	0.76936	0.0135	-0.12165	0.08364	0.98904
-469.7631	700.60699	1218.92269	0.75892	-0.63245	0.15507	0.63862	0.76942	0.01258	-0.12727	0.08948	0.98782
-469.05916	698.20196	1218.57106	0.75793	-0.63178	0.1625	0.63872	0.76934	0.01197	-0.13258	0.09472	0.98664
-468.22957	695.72086	1218.47154	0.75711	-0.63128	0.16816	0.63879	0.76929	0.01193	-0.1369	0.09839	0.98569
-467.29385	693.24888	1218.52623	0.75638	-0.63083	0.17301	0.6387	0.76935	0.0129	-0.14125	0.10074	0.98484
-466.30626	690.76988	1218.85388	0.75549	-0.63072	0.17731	0.63879	0.76925	0.01455	-0.14557	0.10227	0.98405
-465.12655	688.19202	1219.35592	0.7545	-0.631	0.18049	0.63904	0.76899	0.01701	-0.14952	0.1025	0.98343
-463.86513	685.59997	1219.79746	0.75375	-0.63127	0.18268	0.63904	0.76891	0.02031	-0.15329	0.10143	0.98296
-462.44781	682.93404	1220.301	0.75304	-0.63187	0.18352	0.63909	0.76874	0.02444	-0.15652	0.09888	0.98271
-461.00421	680.35073	1220.7602	0.75239	-0.63277	0.18308	0.63941	0.76836	0.02792	-0.15834	0.09606	0.9827
-459.41641	677.63219	1221.19089	0.75218	-0.63368	0.18077	0.6396	0.76808	0.03107	-0.15854	0.09225	0.98303
-457.77715	674.99311	1221.69958	0.7518	-0.63508	0.1774	0.64045	0.7673	0.03276	-0.15692	0.08899	0.98359
-456.05977	672.34092	1222.17527	0.75134	-0.63653	0.17415	0.64147	0.7664	0.03372	-0.15494	0.08638	0.98414
-454.33613	669.64868	1222.72075	0.75043	-0.63827	0.17167	0.64306	0.76508	0.03359	-0.15278	0.08519	0.98458
-452.5953	666.98025	1223.32126	0.74913	-0.64036	0.16954	0.64514	0.76336	0.03266	-0.15034	0.08491	0.98498
-450.8589	664.29497	1223.9392	0.7477	-0.64252	0.1677	0.64746	0.76148	0.03077	-0.14747	0.08557	0.98536
-449.08619	661.63876	1224.42779	0.7461	-0.64507	0.16501	0.65004	0.75934	0.02928	-0.14418	0.08542	0.98586
-447.23977	658.91696	1225.00383	0.74424	-0.64785	0.1625	0.65292	0.75693	0.02734	-0.14071	0.08576	0.98633
-445.41989	656.21297	1225.57737	0.74222	-0.6508	0.15991	0.65595	0.75437	0.02557	-0.13727	0.08591	0.9868
-443.60139	653.51168	1226.22661	0.74001	-0.65387	0.15758	0.65904	0.75172	0.02429	-0.13434	0.08587	0.98721
-441.72123	650.8627	1226.96971	0.73723	-0.65774	0.15448	0.66286	0.74839	0.02307	-0.13078	0.08539	0.98773
-439.91956	648.11839	1227.87254	0.73474	-0.66164	0.14964	0.66659	0.74511	0.02154	-0.12575	0.08392	0.98851
-438.10829	645.40814	1228.77969	0.73218	-0.6659	0.14318	0.67065	0.74152	0.01915	-0.11892	0.082	0.98951
-436.26877	642.65872	1229.72353	0.72969	-0.67019	0.13562	0.67471	0.73791	0.01632	-0.11101	0.07959	0.99063
-434.55964	639.96748	1230.63627	0.72657	-0.67513	0.12765	0.67943	0.73363	0.0128	-0.10229	0.07743	0.99174
-432.95091	637.29043	1231.61809	0.72328	-0.68008	0.11982	0.68418	0.72925	0.00909	-0.09357	0.07541	0.99275
-431.36295	634.63833	1232.56452	0.72015	-0.68466	0.11233	0.68853	0.72518	0.00586	-0.08547	0.07312	0.99365
-429.91167	632.02111	1233.52966	0.71686	-0.68937	0.10431	0.69288	0.72104	0.00348	-0.07761	0.06979	0.99454
-428.54659	629.41392	1234.29076	0.71368	-0.69382	0.09629	0.69698	0.71709	0.00114	-0.06984	0.0663	0.99535
-427.32466	626.85079	1234.95871	0.7104	-0.69825	0.08818	0.70099	0.71317	-0.00014	-0.0628	0.06191	0.9961
-426.2222	624.42969	1235.49111	0.70732	-0.70233	0.08023	0.7047	0.7095	-0.00178	-0.05568	0.05779	0.99677
-425.3524	622.04787	1235.73715	0.70413	-0.70638	0.0723	0.70836	0.70584	-0.00258	-0.04921	0.05303	0.99738
-424.52964	619.71879	1236.06614	0.70116	-0.71006	0.06464	0.7117	0.70248	-0.00329	-0.04307	0.04831	0.9979
-423.80581	617.57465	1236.2379	0.69841	-0.71344	0.05678	0.71473	0.69939	-0.00366	-0.0371	0.04314	0.99838
-423.37108	615.49038	1236.42076	0.69525	-0.71708	0.04924	0.71808	0.69595	-0.00387	-0.03149	0.03805	0.99878
-423.16327	613.45515	1236.63164	0.6919	-0.72071	0.043	0.72148	0.69242	-0.00366	-0.02714	0.03356	0.99907
-423.20809	611.30398	1236.94632	0.68797	-0.72476	0.03782	0.72536	0.68837	-0.00319	-0.02372	0.02963	0.99928
-423.25616	609.4585	1237.26244	0.68555	-0.72725	0.03366	0.72773	0.68586	-0.00306	-0.02087	0.02659	0.99943
-423.46436	607.72762	1237.62985	0.68355	-0.72929	0.02989	0.72968	0.68379	-0.00305	-0.01821	0.02389	0.99955
-423.83156	606.08517	1238.04326	0.68181	-0.73106	0.02633	0.73136	0.68199	-0.00278	-0.01592	0.02115	0.99965
-424.35596	604.46572	1238.46822	0.68031	-0.73257	0.02268	0.7328	0.68044	-0.0025	-0.01361	0.01832	0.99974
-424.99509	603.04934	1238.80647	0.67958	-0.73334	0.01963	0.73352	0.67966	-0.00355	-0.01074	0.01681	0.9998
-425.74604	601.55851	1239.16198	0.67919	-0.73375	0.01749	0.73391	0.67923	-0.00448	-0.00859	0.01588	0.99984
-426.70447	600.05963	1239.48869	0.6788	-0.73415	0.01615	0.7343	0.6788	-0.00638	-0.00628	0.01619	0.99985
-427.80091	598.87842	1239.66335	0.67904	-0.73397	0.0134	0.73409	0.67899	-0.00904	-0.00247	0.01597	0.99987
-429.03293	597.72239	1239.92231	0.67945	-0.73363	0.01116	0.73372	0.67935	-0.01203	0.00125	0.01636	0.99987
-430.36788	596.49995	1240.19617	0.68053	-0.73265	0.01007	0.73271	0.68037	-0.01518	0.00427	0.01771	0.99983
-431.93289	595.42099	1240.38492	0.6812	-0.73203	0.00996	0.73207	0.68099	-0.018	0.00639	0.01956	0.99979
-433.56467	594.21857	1240.77589	0.68263	-0.73066	0.01214	0.7307	0.68227	-0.02404	0.00928	0.02529	0.99964
-435.23905	593.19343	1240.72938	0.68522	-0.72821	0.0134	0.72823	0.68471	-0.02922	0.01211	0.02978	0.99948
-437.06899	592.18164	1240.70211	0.68755	-0.72597	0.01545	0.72598	0.68682	-0.03495	0.01476	0.03524	0.99927
-438.99341	591.10951	1240.66811	0.69032	-0.72328	0.01788	0.72329	0.68931	-0.04128	0.01753	0.04142	0.99899
-441.08296	590.08652	1240.50347	0.69339	-0.72027	0.02057	0.72029	0.69207	-0.04711	0.01969	0.04748	0.99868
-443.16507	589.03209	1240.4752	0.6971	-0.71655	0.02456	0.71662	0.69528	-0.05513	0.02243	0.05603	0.99818
-445.30721	588.02361	1240.12629	0.70177	-0.71186	0.02768	0.71199	0.69951	-0.06132	0.02428	0.06274	0.99773
-447.73312	587.20791	1239.98427	0.70563	-0.7079	0.03091	0.70802	0.70267	-0.07039	0.02812	0.07155	0.99704
-450.20225	586.38136	1239.5923	0.70982	-0.70355	0.03423	0.70373	0.70624	-0.07742	0.0303	0.07904	0.99641
-452.62511	585.46543	1239.47265	0.71487	-0.69821	0.03827	0.69848	0.71043	-0.08614	0.03295	0.08831	0.99555
-455.21804	584.68907	1239.32492	0.71946	-0.69322	0.04278	0.69369	0.71417	-0.09352	0.03428	0.09696	0.9947
-457.82831	583.88203	1239.33322	0.72438	-0.68774	0.04771	0.68855	0.71832	-0.09958	0.03421	0.10498	0.99389
-460.55567	583.14518	1239.44583	0.72893	-0.68253	0.05302	0.68378	0.72213	-0.10473	0.03319	0.11259	0.99309
-463.55201	582.36056	1239.62036	0.7335	-0.67723	0.0577	0.67892	0.726	-0.10949	0.03226	0.11949	0.99231
-467.19095	581.5169	1240.03601	0.73772	-0.67208	0.06388	0.67452	0.72982	-0.11129	0.02818	0.12518	0.99173
-471.0229	580.62718	1240.83991	0.74184	-0.66663	0.07265	0.67032	0.73419	-0.10786	0.01856	0.12871	0.99151
-475.16351	579.89197	1241.95757	0.7457	-0.66132	0.08113	0.66624	0.73887	-0.10096	0.00683	0.12934	0.99158
-479.34831	579.01456	1242.99953	0.74947	-0.65631	0.08691	0.66203	0.74352	-0.0943	-0.00273	0.12821	0.99174
-483.43249	577.8658	1243.92074	0.75363	-0.6513	0.08865	0.65725	0.74841	-0.08896	-0.0084	0.12531	0.99208
-487.67681	576.84211	1244.93239	0.75739	-0.64688	0.08895	0.65285	0.75273	-0.08475	-0.01214	0.12226	0.99242
-492.06525	575.80867	1246.27401	0.76083	-0.64248	0.09139	0.64868	0.75698	-0.07875	-0.01858	0.1192	0.9927
-496.58376	574.86628	1248.0845	0.76402	-0.63806	0.09572	0.64459	0.76127	-0.07052	-0.02787	0.11558	0.99291
-501.2713	573.82409	1250.29337	0.76673	-0.63385	0.10173	0.64069	0.76552	-0.05909	-0.04042	0.11048	0.99306
-505.88979	572.84771	1252.51649	0.7696	-0.62969	0.10586	0.63635	0.77005	-0.04571	-0.05274	0.10254	0.99333
-510.57358	571.65671	1254.49549	0.77248	-0.62586	0.10757	0.63187	0.77442	-0.03186	-0.06336	0.09258	0.99369
-515.27347	570.4753	1256.32243	0.77469	-0.6229	0.10886	0.62806	0.77795	-0.01815	-0.07338	0.08243	0.99389
-519.99903	569.2063	1258.17729	0.77757	-0.61901	0.11048	0.62312	0.78212	-0.0035	-0.08424	0.07156	0.99387
-524.86257	568.2026	1260.13321	0.77956	-0.61619	0.11226	0.61907	0.78526	0.01127	-0.0951	0.06071	0.99361
-529.69871	567.06914	1261.99953	0.7817	-0.61333	0.11303	0.61458	0.78837	0.02761	-0.10604	0.04788	0.99321
-534.45345	565.89849	1263.64715	0.78389	-0.61059	0.11271	0.60987	0.79123	0.0448	-0.11653	0.03362	0.99262
-539.21316	564.82372	1265.16268	0.78621	-0.60777	0.11174	0.6049	0.79389	0.062	-0.12639	0.01885	0.9918
-543.89101	563.64827	1266.22001	0.78843	-0.60477	0.11236	0.59995	0.79637	0.07651	-0.13575	0.00708	0.99072
-548.63295	562.58699	1267.12946	0.79033	-0.60191	0.11437	0.59522	0.79856	0.08952	-0.14521	-0.00267	0.9894
-553.27771	561.54572	1267.91581	0.79211	-0.5991	0.11681	0.59037	0.80058	0.10268	-0.15503	-0.01237	0.98783
-557.81159	560.3519	1268.42538	0.7941	-0.596	0.11914	0.585	0.80267	0.1162	-0.16488	-0.02257	0.98605
-562.27474	559.2993	1268.73303	0.79578	-0.59339	0.12093	0.57988	0.80422	0.13028	-0.17456	-0.03355	0.98407
-566.61874	558.22504	1268.80384	0.79724	-0.59107	0.12266	0.57484	0.80538	0.14467	-0.1843	-0.04483	0.98185
-570.99931	557.32872	1268.63863	0.79818	-0.58904	0.12626	0.57016	0.80632	0.15735	-0.1945	-0.05361	0.97944
-575.25821	556.45955	1268.19409	0.79861	-0.58762	0.1301	0.56604	0.80678	0.16943	-0.20452	-0.06166	0.97692
-579.39624	555.59293	1267.54207	0.79939	-0.5858	0.13347	0.56163	0.80749	0.18034	-0.21342	-0.0692	0.97451
-583.358	554.70856	1266.74601	0.80003	-0.58433	0.13602	0.55746	0.80782	0.1915	-0.22178	-0.07738	0.97202
-587.17394	553.86687	1265.8248	0.80042	-0.58327	0.13827	0.55339	0.80767	0.20355	-0.2304	-0.08641	0.96925
-590.82791	553.01803	1264.81335	0.80059	-0.5823	0.14136	0.54913	0.80738	0.21586	-0.23983	-0.09519	0.96614
-594.30853	552.275	1263.74071	0.80002	-0.58217	0.14507	0.54532	0.80639	0.2288	-0.25019	-0.10394	0.9626
-597.60019	551.5997	1262.49481	0.79898	-0.58258	0.1491	0.54213	0.8051	0.24065	-0.26024	-0.11144	0.95909
-600.64535	550.8348	1261.16734	0.79826	-0.5828	0.15207	0.53918	0.80397	0.25083	-0.26844	-0.11824	0.95601
-603.6228	550.18184	1259.7809	0.79714	-0.58381	0.15406	0.53708	0.80218	0.26087	-0.27588	-0.12521	0.953
-606.36287	549.59509	1258.63251	0.79612	-0.58479	0.15561	0.53489	0.8003	0.27094	-0.28298	-0.13247	0.94993
-609.05248	548.94536	1257.39251	0.79465	-0.58581	0.15926	0.53228	0.79849	0.28123	-0.29191	-0.13871	0.94633
-611.5713	548.40207	1256.31696	0.79296	-0.58721	0.16248	0.52993	0.79631	0.29166	-0.30065	-0.14517	0.94262
-613.88022	547.88506	1255.13144	0.79107	-0.58855	0.16679	0.52765	0.79445	0.30073	-0.3095	-0.14989	0.93901
-616.04413	547.41367	1253.93306	0.78941	-0.58981	0.1702	0.52577	0.79272	0.3085	-0.31687	-0.15405	0.93587
-618.01993	546.92489	1252.67883	0.78813	-0.59072	0.17293	0.52403	0.79134	0.31491	-0.32287	-0.15757	0.93323
-619.85309	546.5239	1251.48136	0.78706	-0.59124	0.17598	0.52209	0.7904	0.32046	-0.32856	-0.16034	0.93077
-621.59841	546.08276	1250.42285	0.78595	-0.59158	0.17975	0.51969	0.78958	0.32632	-0.33497	-0.16306	0.92801
-623.19454	545.72358	1249.5043	0.78469	-0.59199	0.18388	0.51734	0.78881	0.33187	-0.34151	-0.16529	0.92523
-624.65969	545.47877	1248.57502	0.78363	-0.592	0.18829	0.51467	0.78842	0.33691	-0.3479	-0.16711	0.92252
-626.04776	545.12271	1247.77429	0.78288	-0.59175	0.19216	0.51219	0.78833	0.34088	-0.3532	-0.16845	0.92026
-627.25738	544.8435	1247.11517	0.78252	-0.5913	0.19502	0.5101	0.78844	0.34376	-0.35702	-0.16952	0.91859
-628.36572	544.59276	1246.67042	0.78224	-0.59077	0.19773	0.50837	0.78878	0.34551	-0.36008	-0.16975	0.91735
-629.38866	544.2579	1246.45065	0.78224	-0.58981	0.20055	0.50611	0.78938	0.34747	-0.36325	-0.17031	0.91599
-630.33367	543.99221	1246.47582	0.78203	-0.58899	0.20375	0.50364	0.78981	0.35006	-0.3671	-0.17114	0.9143
-631.16675	543.66305	1246.69457	0.78206	-0.58811	0.20617	0.50118	0.79015	0.3528	-0.37039	-0.17259	0.9127
-631.90211	543.43371	1247.06437	0.78227	-0.58713	0.20817	0.49881	0.79056	0.35526	-0.37315	-0.17407	0.91129
-632.476	543.21012	1247.52504	0.78238	-0.58642	0.20975	0.497	0.79084	0.35716	-0.37532	-0.17519	0.91019
-632.88948	542.95025	1248.04009	0.78259	-0.58563	0.21116	0.49551	0.79131	0.35819	-0.37686	-0.17568	0.90946
-633.14305	542.74146	1248.67968	0.78254	-0.58514	0.21273	0.4945	0.79172	0.35868	-0.3783	-0.17548	0.9089
-633.35924	542.63276	1249.41587	0.78253	-0.58473	0.21386	0.49376	0.79206	0.35894	-0.37928	-0.17529	0.90853
-633.39679	542.51642	1250.24049	0.78252	-0.58446	0.21464	0.49304	0.7922	0.35964	-0.38023	-0.1756	0.90807
-633.2845	542.44298	1251.1186	0.78283	-0.58398	0.21483	0.4922	0.79238	0.36039	-0.38068	-0.17639	0.90773
-633.07302	542.51853	1251.96678	0.78281	-0.58391	0.21507	0.49197	0.7924	0.36065	-0.38101	-0.17651	0.90757
-632.67846	542.64007	1252.67574	0.78253	-0.58411	0.21556	0.49242	0.79249	0.35984	-0.38102	-0.17544	0.90777
-632.10259	542.85427	1253.31413	0.78206	-0.58441	0.21643	0.49307	0.79264	0.35861	-0.38113	-0.17374	0.90805
-631.45438	543.2332	1253.93198	0.78151	-0.58483	0.21728	0.4939	0.79273	0.35726	-0.38118	-0.17189	0.90838
-630.68577	543.644	1254.5321	0.78113	-0.58515	0.21779	0.49469	0.79284	0.35593	-0.38095	-0.17029	0.90878
-629.87678	544.21669	1255.08408	0.78065	-0.58581	0.21775	0.49578	0.79261	0.35491	-0.3805	-0.16911	0.90919
-628.91819	544.90409	1255.55779	0.78026	-0.58632	0.21778	0.49657	0.79241	0.35426	-0.38028	-0.16827	0.90944
-627.86112	545.65611	1255.87928	0.77984	-0.5868	0.21798	0.49765	0.7924	0.35277	-0.37974	-0.16663	0.90996
-626.82337	546.71087	1256.33706	0.77923	-0.58731	0.21877	0.49831	0.7923	0.35206	-0.3801	-0.16532	0.91005
-625.66622	547.83302	1256.67829	0.77875	-0.58774	0.21933	0.49917	0.79231	0.35082	-0.37997	-0.16372	0.91039
-624.42969	549.08123	1257.00356	0.77869	-0.58768	0.21969	0.49936	0.79252	0.35007	-0.37984	-0.16289	0.9106
-623.13119	550.39089	1257.37065	0.77878	-0.58741	0.22012	0.49912	0.7928	0.34977	-0.37997	-0.16253	0.91061
-621.90707	552.02931	1257.87164	0.77851	-0.58754	0.22072	0.49921	0.79281	0.34964	-0.38042	-0.16201	0.91051
-620.57464	553.74208	1258.40888	0.77798	-0.58762	0.22238	0.49932	0.79309	0.34884	-0.38135	-0.16035	0.91042
-619.25189	555.63891	1258.97848	0.77707	-0.58776	0.22518	0.49959	0.79357	0.34736	-0.38286	-0.15743	0.9103
-617.9314	557.6343	1259.74773	0.77623	-0.5876	0.22846	0.49956	0.79433	0.34567	-0.38459	-0.15419	0.91012
-616.48335	559.77026	1260.4969	0.77553	-0.58713	0.23203	0.4994	0.79538	0.34346	-0.38621	-0.15049	0.91005
-615.03741	562.04257	1261.37106	0.77463	-0.58667	0.23616	0.49953	0.7966	0.34044	-0.38785	-0.14575	0.91013
-613.6498	564.46387	1262.33342	0.77394	-0.58599	0.24006	0.4998	0.79803	0.33667	-0.38886	-0.14058	0.91051
-612.1674	567.03584	1263.30769	0.77306	-0.58532	0.24451	0.50041	0.79961	0.33199	-0.38983	-0.13429	0.91104
-610.66347	569.77696	1264.21467	0.77222	-0.58442	0.24927	0.50094	0.80135	0.32694	-0.39082	-0.12761	0.91158
-609.09401	572.54524	1265.16439	0.77158	-0.58319	0.25409	0.50165	0.80343	0.32071	-0.39118	-0.11999	0.91246
-607.37247	575.5034	1266.08517	0.77113	-0.58176	0.25869	0.50237	0.80558	0.31412	-0.39114	-0.11227	0.91346
-605.885	578.53128	1266.88579	0.77031	-0.5802	0.26456	0.5026	0.80776	0.30808	-0.39245	-0.10435	0.91383
-604.20872	581.77963	1267.58967	0.76977	-0.57854	0.26972	0.50326	0.80999	0.30108	-0.39266	-0.09602	0.91466
-602.6821	584.93266	1268.15984	0.76951	-0.57593	0.27597	0.50276	0.81278	0.29432	-0.39381	-0.08773	0.91499
-600.97476	588.33329	1268.61851	0.76888	-0.57407	0.28155	0.50349	0.81501	0.2868	-0.39411	-0.07876	0.91568
-599.22419	591.76122	1268.98432	0.76905	-0.57126	0.28675	0.50323	0.81772	0.27945	-0.39412	-0.07061	0.91634
-597.23029	595.19179	1269.10064	0.76849	-0.56923	0.29224	0.50439	0.81994	0.27072	-0.39372	-0.06064	0.91723
-595.49863	598.64483	1269.21767	0.76855	-0.56654	0.29726	0.50433	0.82236	0.26341	-0.39368	-0.05253	0.91775
-593.77407	602.30133	1269.34862	0.76828	-0.56388	0.30296	0.50417	0.82467	0.25637	-0.39441	-0.04422	0.91787
-592.08946	606.00555	1269.31868	0.76807	-0.56153	0.3078	0.50421	0.82664	0.24988	-0.39476	-0.03673	0.91805
-590.42523	609.80921	1269.25694	0.76793	-0.55889	0.31291	0.50397	0.82873	0.24338	-0.39534	-0.0292	0.91807
-588.70231	613.56849	1269.06572	0.76801	-0.5563	0.31731	0.50376	0.83068	0.23705	-0.39546	-0.0222	0.91822
-587.06835	617.40169	1268.85491	0.76797	-0.55421	0.32106	0.50408	0.83224	0.23084	-0.39514	-0.01544	0.91849
-585.44063	621.29481	1268.73058	0.76795	-0.55189	0.32507	0.50395	0.83387	0.22517	-0.39533	-0.0091	0.91849
-583.91615	625.17907	1268.59818	0.76787	-0.55008	0.32831	0.50399	0.8351	0.22045	-0.39543	-0.00381	0.91849
-582.45666	629.13507	1268.54309	0.76776	-0.54855	0.33113	0.50423	0.83612	0.21602	-0.39536	0.00112	0.91853
-580.99076	632.86772	1268.44817	0.76745	-0.54686	0.33461	0.50387	0.83721	0.21261	-0.3964	0.00543	0.91806
-579.70007	636.65113	1268.28176	0.76693	-0.54511	0.33864	0.50372	0.8383	0.20862	-0.3976	0.01058	0.9175
-578.35272	640.5321	1268.18896	0.76638	-0.5441	0.34148	0.50424	0.83888	0.20498	-0.39799	0.0151	0.91727
-577.05103	644.41984	1268.16066	0.76598	-0.54319	0.34382	0.50504	0.83938	0.20095	-0.39775	0.01972	0.91728
-575.88324	648.31124	1268.11954	0.7655	-0.54312	0.34501	0.50665	0.83931	0.19712	-0.39663	0.0239	0.91767
-574.67456	652.12768	1267.98031	0.76501	-0.54248	0.34708	0.50739	0.83961	0.19393	-0.39661	0.02774	0.91757
-573.50356	655.93882	1267.89223	0.76425	-0.54202	0.34947	0.50856	0.83974	0.19026	-0.39659	0.03232	0.91742
-572.37253	659.57373	1267.7921	0.76341	-0.54142	0.35223	0.50932	0.83996	0.18724	-0.39723	0.03646	0.91699
-571.34354	663.24558	1267.66704	0.76253	-0.5407	0.35522	0.51024	0.8402	0.18363	-0.39775	0.04123	0.91657
-570.29909	666.70334	1267.52124	0.76181	-0.53982	0.3581	0.51088	0.84054	0.18024	-0.3983	0.04564	0.91612
-569.13023	670.26084	1267.28072	0.76125	-0.53895	0.36059	0.51169	0.84084	0.17651	-0.39833	0.05014	0.91587
-567.97807	673.63491	1267.01802	0.76102	-0.53784	0.36273	0.51227	0.84129	0.17266	-0.39803	0.05442	0.91576
-566.87976	676.93693	1266.81289	0.76079	-0.53689	0.36462	0.51304	0.84161	0.16877	-0.39748	0.05866	0.91574
-565.63866	680.14774	1266.55071	0.76096	-0.53564	0.3661	0.51332	0.84215	0.16518	-0.39679	0.06222	0.9158
-564.41528	683.36816	1266.33286	0.76134	-0.53476	0.36659	0.51417	0.84243	0.16104	-0.39495	0.06588	0.91634
-563.11608	686.49902	1266.16242	0.7619	-0.53358	0.36715	0.51458	0.84291	0.15716	-0.39333	0.06919	0.91679
-561.8098	689.53624	1265.90586	0.76244	-0.53306	0.36679	0.51572	0.84297	0.15307	-0.39079	0.07246	0.91762
-560.36834	692.44389	1265.68859	0.76339	-0.53214	0.36615	0.51613	0.84335	0.14959	-0.38839	0.07479	0.91845
-558.78959	695.31438	1265.42279	0.7643	-0.53169	0.36491	0.51707	0.84341	0.1459	-0.38534	0.07717	0.91954
-557.28943	698.14797	1265.20018	0.76487	-0.53264	0.36232	0.51905	0.84268	0.14307	-0.38153	0.07864	0.92101
-555.42026	700.72781	1265.14234	0.76663	-0.532	0.35951	0.51969	0.84294	0.13918	-0.37709	0.08014	0.9227
-553.72976	703.45216	1265.06227	0.76742	-0.53349	0.35559	0.5222	0.84189	0.13609	-0.37197	0.08126	0.92468
-551.72463	705.79145	1265.02603	0.7691	-0.53359	0.3518	0.52319	0.84178	0.13299	-0.3671	0.08178	0.92658
-549.85385	708.30132	1264.88109	0.7698	-0.53543	0.34746	0.52547	0.84063	0.1312	-0.36234	0.08158	0.92847
-547.64244	710.48031	1264.83686	0.77102	-0.53619	0.34355	0.52705	0.84009	0.12832	-0.35742	0.08213	0.93032
-545.46408	712.70768	1264.74238	0.77178	-0.53777	0.33935	0.52924	0.83906	0.12603	-0.35251	0.08233	0.93218
-543.19296	714.73496	1264.62371	0.77258	-0.53933	0.33503	0.53128	0.83807	0.12401	-0.34766	0.08219	0.93401
-540.85918	716.72882	1264.4643	0.77344	-0.54115	0.33007	0.53347	0.83695	0.12213	-0.34235	0.08162	0.93602
-538.39793	718.59102	1264.29012	0.77453	-0.54279	0.32477	0.53561	0.83593	0.11975	-0.33649	0.0812	0.93818
-535.85479	720.32871	1264.05903	0.77562	-0.54442	0.31939	0.53776	0.83491	0.11724	-0.33049	0.08083	0.94034
-533.17146	721.96538	1263.67749	0.7769	-0.54597	0.31359	0.53981	0.83395	0.1146	-0.32408	0.08025	0.94262
-530.46831	723.60715	1263.25274	0.77823	-0.54774	0.30716	0.54215	0.83284	0.11154	-0.31691	0.07972	0.9451
-527.62618	725.01393	1262.80709	0.77988	-0.54894	0.30075	0.54394	0.83211	0.10829	-0.3097	0.07914	0.94754
-524.77459	726.37722	1262.24176	0.78175	-0.54995	0.29398	0.54565	0.83148	0.10446	-0.30189	0.07875	0.95009
-521.82701	727.64256	1261.65926	0.78346	-0.55101	0.28737	0.54719	0.83086	0.1013	-0.29458	0.07788	0.95245
-518.80868	728.92233	1261.09752	0.78548	-0.5519	0.28007	0.54855	0.83037	0.09786	-0.28657	0.07676	0.95498
-515.75369	730.0313	1260.48956	0.78725	-0.55253	0.27376	0.5497	0.83001	0.09443	-0.2794	0.07615	0.95715
-512.68014	731.10693	1259.91283	0.78915	-0.55286	0.26755	0.55048	0.82986	0.09113	-0.27241	0.07537	0.95922
-509.62885	732.11409	1259.31322	0.79101	-0.553	0.26172	0.55098	0.82985	0.0882	-0.26596	0.07444	0.96111
-506.51406	733.08062	1258.87353	0.79282	-0.55297	0.25622	0.55135	0.82992	0.0851	-0.2597	0.0738	0.96286
-503.4087	734.06688	1258.475	0.79449	-0.55306	0.25083	0.55187	0.8299	0.08184	-0.25342	0.0734	0.96457
-500.30009	734.92969	1258.11888	0.79625	-0.55303	0.24523	0.55221	0.82998	0.07874	-0.24709	0.07272	0.96626
-497.16172	735.80842	1257.85389	0.79799	-0.55275	0.24017	0.55226	0.83022	0.07581	-0.2413	0.07214	0.96777
-494.04255	736.62107	1257.71718	0.79971	-0.55262	0.23466	0.55255	0.83033	0.07233	-0.23482	0.07182	0.96938
-491.00357	737.48952	1257.7801	0.80128	-0.55265	0.22921	0.55294	0.83035	0.06908	-0.2285	0.07139	0.97092
-487.93589	738.28357	1257.9645	0.803	-0.55264	0.22312	0.55331	0.8304	0.06547	-0.22146	0.07089	0.97259
-484.89874	739.05797	1258.34391	0.80459	-0.55259	0.21745	0.5538	0.8304	0.06112	-0.21435	0.07125	0.97416
-481.87418	739.91744	1258.7	0.80622	-0.55235	0.21194	0.55413	0.83051	0.05652	-0.20723	0.07187	0.97565
-478.93691	740.77134	1259.22039	0.80748	-0.55247	0.20678	0.55489	0.83032	0.05155	-0.20017	0.07311	0.97703
-475.97632	741.59904	1259.79861	0.80864	-0.55234	0.20253	0.55546	0.83025	0.04646	-0.19381	0.07493	0.97817
-473.18572	742.48572	1260.35266	0.80922	-0.55293	0.19855	0.55673	0.82966	0.04146	-0.18765	0.07699	0.97921
-470.22609	743.21177	1261.08514	0.81065	-0.55225	0.19459	0.55675	0.8299	0.03591	-0.18132	0.07922	0.98023
