NO_OF_FRAMES	6248
NO_OF_CAMERAS	9
NO_OF_BODIES	2
FREQUENCY	100
NO_OF_ANALOG	0
ANALOG_FREQUENCY	0
DESCRIPTION	--
TIME_STAMP	2024-12-05, 22:05:52.243	27356.83166420
DATA_INCLUDED	6D
BODY_NAMES	drone	hunter
BODY_FILTERS	No filter	No filter
TRANSLATION_ORIGIN	Global	Global	
ROTATION_ORIGIN	Global	Global	
Frame	Time	drone X	Y	Z	Roll	Pitch	Yaw	Residual	Rot[0]	Rot[1]	Rot[2]	Rot[3]	Rot[4]	Rot[5]	Rot[6]	Rot[7]	Rot[8]		hunter X	Y	Z	Roll	Pitch	Yaw	Residual	Rot[0]	Rot[1]	Rot[2]	Rot[3]	Rot[4]	Rot[5]	Rot[6]	Rot[7]	Rot[8]	
1	0.00000	-129.13669	915.75364	1140.06396	-8.21311	0.18127	-26.31497	0.45398	0.89637	-0.43916	0.06052	0.44330	0.88698	-0.12944	0.00316	0.14285	0.98974		-692.90125	-2873.38036	395.14114	-0.58668	0.58348	-83.91137	0.99816	0.10606	-0.99432	0.00910	0.99431	0.10596	-0.01121	0.01018	0.01024	0.99990	
2	0.01000	-129.14610	915.56269	1139.62725	-8.25454	0.00308	-26.24681	0.57347	0.89690	-0.43766	0.06344	0.44224	0.88760	-0.12879	0.00005	0.14357	0.98964		-692.05285	-2873.84496	394.90915	-0.87971	0.81781	-84.37988	1.06464	0.09792	-0.99510	0.01388	0.99509	0.09770	-0.01571	0.01427	0.01535	0.99978	
3	0.02000	-129.10009	915.65112	1139.80533	-8.14791	0.15859	-26.23272	0.43425	0.89700	-0.43791	0.06019	0.44202	0.88778	-0.12834	0.00277	0.14173	0.98990		-691.08462	-2874.09341	394.56803	-1.25154	1.03721	-84.81471	1.28285	0.09036	-0.99571	0.02012	0.99574	0.08996	-0.02000	0.01810	0.02184	0.99960	
4	0.03000	-129.19040	915.47333	1139.50287	-8.16020	0.06934	-26.18843	0.48417	0.89735	-0.43701	0.06157	0.44132	0.88819	-0.12790	0.00121	0.14194	0.98987		-689.58685	-2872.78524	395.09452	-0.50508	0.35824	-84.48476	0.86054	0.09611	-0.99534	0.00817	0.99535	0.09605	-0.00707	0.00625	0.00882	0.99994	
5	0.04000	-129.14569	915.36771	1139.36205	-8.12018	0.06346	-26.16566	0.48214	0.89752	-0.43669	0.06130	0.44097	0.88846	-0.12726	0.00111	0.14125	0.98997		-688.57911	-2872.69044	395.03692	-0.47416	0.33537	-84.52061	0.89118	0.09549	-0.99540	0.00768	0.99541	0.09544	-0.00662	0.00585	0.00828	0.99995	
6	0.05000	-128.71371	915.40944	1139.64461	-8.07815	0.03158	-26.20194	0.52147	0.89724	-0.43722	0.06156	0.44154	0.88831	-0.12632	0.00055	0.14052	0.99008		-688.64069	-2872.34835	394.64453	-1.57565	0.61964	-83.44884	2.60722	0.11408	-0.99313	0.02608	0.99341	0.11375	-0.01388	0.01081	0.02750	0.99956	
7	0.06000	-128.82116	915.18494	1139.04170	-7.91043	0.07023	-26.24774	0.39714	0.89689	-0.43820	0.05978	0.44225	0.88828	-0.12397	0.00123	0.13762	0.99048		0.000	0.000	0.000	0.000	0.000	0.000	0.000	0.000	0.000	0.000	0.000	0.000	0.000	0.000	0.000	0.000	
8	0.07000	-128.80373	914.94708	1138.80499	-7.86738	0.04961	-26.25167	0.41428	0.89686	-0.43826	0.05978	0.44231	0.88837	-0.12314	0.00087	0.13688	0.99059		-685.19065	-2872.51109	395.26311	1.24626	-1.01154	-83.98679	4.52186	0.10474	-0.99430	-0.01978	0.99434	0.10435	0.01983	-0.01765	-0.02175	0.99961	
9	0.08000	-128.79059	914.75004	1138.62781	-7.81610	0.06324	-26.26756	0.40686	0.89674	-0.43859	0.05921	0.44256	0.88834	-0.12243	0.00110	0.13599	0.99071		0.000	0.000	0.000	0.000	0.000	0.000	0.000	0.000	0.000	0.000	0.000	0.000	0.000	0.000	0.000	0.000	
10	0.09000	-128.73157	914.51034	1138.42022	-7.75637	0.06637	-26.29700	0.40315	0.89651	-0.43911	0.05876	0.44302	0.88824	-0.12150	0.00116	0.13496	0.99085		0.000	0.000	0.000	0.000	0.000	0.000	0.000	0.000	0.000	0.000	0.000	0.000	0.000	0.000	0.000	0.000	
11	0.10000	-128.70729	914.22518	1138.17451	-7.69236	0.07109	-26.31415	0.38302	0.89638	-0.43945	0.05823	0.44329	0.88824	-0.12053	0.00124	0.13385	0.99100		0.000	0.000	0.000	0.000	0.000	0.000	0.000	0.000	0.000	0.000	0.000	0.000	0.000	0.000	0.000	0.000	
12	0.11000	-128.62629	913.95309	1138.01985	-7.64393	0.06079	-26.34612	0.37132	0.89613	-0.43998	0.05809	0.44379	0.88810	-0.11967	0.00106	0.13302	0.99111		0.000	0.000	0.000	0.000	0.000	0.000	0.000	0.000	0.000	0.000	0.000	0.000	0.000	0.000	0.000	0.000	
13	0.12000	-128.61536	913.63882	1137.87867	-7.60431	0.06734	-26.38350	0.36275	0.89584	-0.44061	0.05776	0.44438	0.88789	-0.11907	0.00118	0.13233	0.99120		-680.82283	-2873.29901	394.52665	0.02616	-0.07649	-84.94483	0.84532	0.08811	-0.99611	-0.00034	0.99611	0.08811	0.00137	-0.00133	-0.00046	1.00000	
14	0.13000	-128.50239	913.40861	1137.73183	-7.53170	0.09401	-26.42593	0.37850	0.89551	-0.44139	0.05688	0.44504	0.88769	-0.11810	0.00164	0.13107	0.99137		-680.03102	-2873.51647	394.53068	0.13528	-0.13156	-84.97736	0.85675	0.08755	-0.99616	-0.00215	0.99616	0.08754	0.00249	-0.00230	-0.00236	0.99999	
15	0.14000	-128.55131	913.00310	1137.49287	-7.50214	0.05672	-26.43522	0.36114	0.89544	-0.44149	0.05725	0.44519	0.88772	-0.11735	0.00099	0.13056	0.99144		-679.25447	-2873.65074	394.53615	0.19103	-0.14547	-84.98135	0.85365	0.08748	-0.99616	-0.00310	0.99616	0.08747	0.00282	-0.00254	-0.00333	0.99999	
16	0.15000	-128.53931	912.66567	1137.35913	-7.44902	0.05264	-26.46206	0.36266	0.89523	-0.44195	0.05695	0.44561	0.88762	-0.11647	0.00092	0.12964	0.99156		-678.46535	-2873.73279	394.55116	0.24905	-0.21584	-85.07320	0.83981	0.08588	-0.99630	-0.00401	0.99630	0.08587	0.00413	-0.00377	-0.00435	0.99998	
17	0.16000	-128.51171	912.33306	1137.22612	-7.38856	0.03624	-26.48863	0.35735	0.89502	-0.44239	0.05680	0.44602	0.88756	-0.11538	0.00063	0.12860	0.99170		-677.55078	-2873.66286	394.50279	0.19646	-0.13189	-85.11182	0.87150	0.08521	-0.99636	-0.00322	0.99636	0.08520	0.00259	-0.00230	-0.00343	0.99999	
18	0.17000	-128.49269	911.98141	1137.05133	-7.32079	0.01467	-26.51917	0.37150	0.89478	-0.44289	0.05667	0.44650	0.88748	-0.11413	0.00026	0.12742	0.99185		-676.68446	-2873.67147	394.45403	0.09633	-0.09186	-85.11833	0.83700	0.08510	-0.99637	-0.00154	0.99637	0.08510	0.00174	-0.00160	-0.00168	1.00000	
19	0.18000	-128.53760	911.67206	1136.94702	-7.24419	0.01040	-26.52363	0.34601	0.89475	-0.44302	0.05615	0.44657	0.88760	-0.11291	0.00018	0.12610	0.99202		-675.74585	-2873.46381	394.56754	-0.02668	-0.02782	-85.17839	0.73512	0.08405	-0.99646	0.00050	0.99646	0.08405	0.00044	-0.00049	0.00047	1.00000	
20	0.19000	-128.55561	911.37114	1136.81758	-7.19579	-0.01861	-26.52034	0.36756	0.89478	-0.44296	0.05622	0.44652	0.88775	-0.11194	-0.00032	0.12526	0.99212		-674.82687	-2873.30991	394.50675	-0.07619	0.06931	-85.15977	0.72134	0.08438	-0.99643	0.00122	0.99643	0.08438	-0.00132	0.00121	0.00133	1.00000	
21	0.20000	-128.60039	911.04340	1136.67088	-7.12808	-0.02097	-26.51819	0.38433	0.89479	-0.44299	0.05573	0.44648	0.88790	-0.11087	-0.00037	0.12409	0.99227		-673.97491	-2873.15038	394.43229	-0.10262	0.06318	-85.16917	0.72840	0.08421	-0.99645	0.00169	0.99645	0.08421	-0.00125	0.00110	0.00179	1.00000	
22	0.21000	-128.68523	910.74015	1136.65365	-7.06810	-0.02386	-26.48712	0.38389	0.89503	-0.44256	0.05525	0.44600	0.88826	-0.10995	-0.00042	0.12305	0.99240		-673.26329	-2873.19904	394.41470	0.04386	0.01900	-85.25964	0.74320	0.08264	-0.99658	-0.00079	0.99658	0.08264	-0.00027	0.00033	-0.00077	1.00000	
23	0.22000	-128.79237	910.40128	1136.55134	-6.98569	-0.05735	-26.46071	0.37299	0.89524	-0.44217	0.05508	0.44558	0.88865	-0.10844	-0.00100	0.12162	0.99258		-672.59615	-2873.08784	394.40765	-0.29266	0.08889	-85.35000	0.69740	0.08107	-0.99670	0.00497	0.99671	0.08106	-0.00196	0.00155	0.00511	0.99999	
24	0.23000	-128.83854	910.07984	1136.52894	-6.90938	-0.10528	-26.40320	0.37117	0.89569	-0.44126	0.05513	0.44468	0.88928	-0.10694	-0.00184	0.12030	0.99274		-671.77543	-2873.11897	394.42166	-0.29023	0.06945	-85.39645	0.67082	0.08026	-0.99676	0.00495	0.99677	0.08025	-0.00161	0.00121	0.00507	0.99999	
25	0.24000	-128.96624	909.81192	1136.55687	-6.84023	-0.14727	-26.34170	0.35866	0.89616	-0.44029	0.05514	0.44372	0.88992	-0.10560	-0.00257	0.11910	0.99288		-670.94118	-2873.06223	394.65833	-0.19225	0.17959	-85.28285	0.70178	0.08224	-0.99661	0.00309	0.99661	0.08223	-0.00340	0.00313	0.00336	0.99999	
26	0.25000	-129.07663	909.50493	1136.58171	-6.78222	-0.19064	-26.27449	0.34349	0.89668	-0.43922	0.05524	0.44267	0.89058	-0.10443	-0.00333	0.11810	0.99300		-670.29926	-2873.17709	394.40550	-0.31096	0.04217	-85.51190	0.61759	0.07825	-0.99692	0.00535	0.99693	0.07825	-0.00116	0.00074	0.00543	0.99998	
27	0.26000	-129.18309	909.23286	1136.58760	-6.72427	-0.24202	-26.18897	0.34129	0.89734	-0.43785	0.05544	0.44133	0.89139	-0.10322	-0.00422	0.11709	0.99311		-669.66536	-2873.15552	394.45443	-0.29660	0.08639	-85.47478	0.66604	0.07890	-0.99687	0.00504	0.99688	0.07889	-0.00191	0.00151	0.00518	0.99999	
28	0.27000	-129.27526	908.94825	1136.68402	-6.67526	-0.27860	-26.09309	0.37588	0.89807	-0.43634	0.05546	0.43983	0.89224	-0.10227	-0.00486	0.11624	0.99321		-668.98651	-2873.16679	394.44036	-0.34346	0.04207	-85.52073	0.69962	0.07810	-0.99693	0.00592	0.99695	0.07809	-0.00120	0.00073	0.00599	0.99998	
29	0.28000	-129.35762	908.75196	1136.80436	-6.58541	-0.29026	-26.03777	0.40711	0.89849	-0.43555	0.05486	0.43896	0.89283	-0.10084	-0.00507	0.11468	0.99339		-668.16821	-2873.09538	394.54201	-0.22379	-0.10457	-85.44869	0.76123	0.07935	-0.99684	0.00404	0.99685	0.07936	0.00151	-0.00183	0.00391	0.99999	
30	0.29000	-129.55663	908.45376	1136.86205	-6.52158	-0.34483	-25.91461	0.35225	0.89943	-0.43359	0.05502	0.43702	0.89392	-0.09954	-0.00602	0.11358	0.99351		-667.41693	-2873.22344	394.47208	-0.21407	-0.09663	-85.46979	0.75460	0.07898	-0.99687	0.00386	0.99687	0.07899	0.00139	-0.00169	0.00374	0.99999	
31	0.30000	-129.75579	908.17625	1136.81032	-6.52068	-0.38129	-25.80204	0.37487	0.90028	-0.43177	0.05538	0.43525	0.89481	-0.09936	-0.00665	0.11356	0.99351		-666.66925	-2873.19623	394.33179	-0.29885	-0.02237	-85.53385	0.76399	0.07787	-0.99695	0.00523	0.99696	0.07787	-0.00002	-0.00039	0.00522	0.99999	
32	0.31000	-129.91580	907.94186	1136.85016	-6.45009	-0.43702	-25.71111	0.37786	0.90097	-0.43032	0.05556	0.43382	0.89566	-0.09793	-0.00763	0.11233	0.99364		-665.98403	-2873.13319	394.30265	-0.32366	0.01167	-85.59043	0.78794	0.07689	-0.99702	0.00562	0.99704	0.07688	-0.00064	0.00020	0.00565	0.99998	
33	0.32000	-130.08326	907.66796	1136.93470	-6.39259	-0.48654	-25.61726	0.37124	0.90167	-0.42882	0.05575	0.43234	0.89650	-0.09675	-0.00849	0.11134	0.99375		-665.31761	-2873.15852	394.33606	-0.41521	-0.02818	-85.59992	0.74410	0.07672	-0.99703	0.00726	0.99705	0.07672	-0.00007	-0.00049	0.00725	0.99997	
34	0.33000	-130.24281	907.40925	1136.99407	-6.34108	-0.53825	-25.52450	0.39122	0.90236	-0.42732	0.05602	0.43088	0.89733	-0.09564	-0.00939	0.11044	0.99384		-664.65420	-2873.22502	394.39720	-0.39888	-0.05099	-85.62882	0.78582	0.07622	-0.99707	0.00701	0.99709	0.07622	0.00036	-0.00089	0.00696	0.99998	
35	0.34000	-130.34041	907.15101	1137.11618	-6.24915	-0.59824	-25.44356	0.38760	0.90296	-0.42604	0.05614	0.42960	0.89813	-0.09384	-0.01044	0.10885	0.99400		-663.95136	-2873.41154	394.35408	-0.41595	-0.09243	-85.65669	0.74843	0.07573	-0.99710	0.00736	0.99713	0.07574	0.00106	-0.00161	0.00726	0.99997	
36	0.35000	-130.49812	906.86127	1137.19143	-6.16873	-0.63343	-25.36566	0.38512	0.90354	-0.42484	0.05597	0.42837	0.89887	-0.09239	-0.01106	0.10745	0.99415		-663.36640	-2873.73542	394.28736	-0.39676	-0.00940	-85.84990	0.71172	0.07237	-0.99735	0.00692	0.99738	0.07237	-0.00034	-0.00016	0.00692	0.99998	
37	0.36000	-130.66951	906.58109	1137.25285	-6.10172	-0.66542	-25.30145	0.37914	0.90401	-0.42384	0.05587	0.42735	0.89948	-0.09116	-0.01161	0.10629	0.99427		-662.69286	-2873.89404	394.31732	-0.32621	0.05897	-85.88776	0.72991	0.07171	-0.99741	0.00560	0.99742	0.07170	-0.00143	0.00103	0.00569	0.99998	
38	0.37000	-130.79688	906.28144	1137.25518	-6.03091	-0.70935	-25.23182	0.39699	0.90452	-0.42275	0.05592	0.42625	0.90014	-0.08979	-0.01238	0.10506	0.99439		-662.46837	-2873.22215	395.53803	-0.88241	-0.34300	-85.85054	2.33316	0.07236	-0.99725	0.01579	0.99736	0.07244	0.00486	-0.00599	0.01540	0.99986	
39	0.38000	-130.93438	905.97872	1137.27324	-5.95836	-0.74160	-25.17485	0.38713	0.90494	-0.42187	0.05581	0.42535	0.90070	-0.08847	-0.01294	0.10380	0.99451		-661.75740	-2873.39289	395.60691	-0.77328	-0.44465	-85.90128	2.31860	0.07147	-0.99734	0.01402	0.99741	0.07157	0.00678	-0.00776	0.01350	0.99988	
40	0.39000	-131.05506	905.66383	1137.24881	-5.90255	-0.77445	-25.12153	0.37434	0.90533	-0.42103	0.05583	0.42450	0.90120	-0.08740	-0.01352	0.10283	0.99461		-660.96368	-2873.57967	395.62870	-0.79203	-0.40526	-85.96835	2.31943	0.07031	-0.99742	0.01429	0.99750	0.07040	0.00608	-0.00707	0.01382	0.99988	
41	0.40000	-131.29601	905.25464	1137.14451	-5.88206	-0.80981	-25.05816	0.40122	0.90579	-0.42000	0.05614	0.42350	0.90172	-0.08688	-0.01413	0.10247	0.99464		-659.28078	-2874.27100	394.56407	-0.20664	0.01108	-85.98618	0.80573	0.07000	-0.99754	0.00358	0.99755	0.07000	-0.00045	0.00019	0.00361	0.99999	
42	0.41000	-131.42789	904.94006	1137.09786	-5.82627	-0.84145	-25.03203	0.41037	0.90597	-0.41959	0.05619	0.42308	0.90202	-0.08580	-0.01469	0.10150	0.99473		-658.34313	-2874.36783	394.51251	-0.19640	0.14441	-85.98047	0.86881	0.07010	-0.99753	0.00324	0.99754	0.07009	-0.00275	0.00252	0.00343	0.99999	
43	0.42000	-131.56756	904.56002	1137.03471	-5.76454	-0.85606	-25.01383	0.41236	0.90610	-0.41934	0.05594	0.42279	0.90226	-0.08473	-0.01494	0.10043	0.99483		-657.47005	-2874.51245	394.36639	-0.14087	0.14574	-85.99950	0.96721	0.06976	-0.99756	0.00228	0.99756	0.06976	-0.00271	0.00254	0.00246	0.99999	
44	0.43000	-131.65283	904.21514	1136.96171	-5.71142	-0.86397	-25.01155	0.40667	0.90612	-0.41934	0.05567	0.42275	0.90236	-0.08384	-0.01508	0.09951	0.99492		-656.51991	-2874.32338	394.54767	-0.23919	0.02474	-86.08466	0.81112	0.06828	-0.99766	0.00414	0.99767	0.06828	-0.00072	0.00043	0.00417	0.99999	
45	0.44000	-131.74617	903.84319	1136.86577	-5.65780	-0.85790	-25.02868	0.40515	0.90599	-0.41967	0.05521	0.42302	0.90231	-0.08303	-0.01497	0.09858	0.99502		-655.72219	-2874.65175	394.29921	-0.20865	0.09932	-86.29356	0.80127	0.06464	-0.99790	0.00352	0.99791	0.06464	-0.00197	0.00173	0.00364	0.99999	
46	0.45000	-131.85621	903.44300	1136.63922	-5.57314	-0.85679	-25.05143	0.39355	0.90583	-0.42011	0.05460	0.42338	0.90226	-0.08168	-0.01495	0.09711	0.99516		-654.58445	-2874.42059	394.36412	-0.18013	-0.02357	-86.21210	0.84693	0.06606	-0.99781	0.00316	0.99782	0.06606	0.00020	-0.00041	0.00314	0.99999	
47	0.46000	-131.90923	903.03060	1136.50752	-5.52676	-0.84303	-25.08135	0.38278	0.90561	-0.42065	0.05409	0.42386	0.90210	-0.08102	-0.01471	0.09630	0.99524		-653.75327	-2874.63599	394.31103	-0.16789	0.06102	-86.34035	0.84793	0.06383	-0.99796	0.00286	0.99796	0.06383	-0.00125	0.00106	0.00293	1.00000	
48	0.47000	-131.96635	902.67025	1136.34426	-5.46861	-0.83971	-25.12651	0.38396	0.90528	-0.42142	0.05367	0.42457	0.90184	-0.08009	-0.01466	0.09529	0.99534		-652.80473	-2874.74353	394.28960	-0.13512	0.03451	-86.42358	0.84317	0.06238	-0.99805	0.00232	0.99805	0.06238	-0.00075	0.00060	0.00236	1.00000	
49	0.48000	-131.97841	902.28537	1136.23575	-5.44949	-0.81121	-25.16750	0.40751	0.90498	-0.42213	0.05314	0.42522	0.90155	-0.07996	-0.01416	0.09496	0.99538		-651.79654	-2874.82290	394.33953	-0.15161	-0.07872	-86.53963	0.80798	0.06036	-0.99817	0.00272	0.99818	0.06036	0.00121	-0.00137	0.00265	1.00000	
50	0.49000	-132.00188	901.88017	1136.03995	-5.40077	-0.78217	-25.23032	0.39095	0.90452	-0.42320	0.05241	0.42622	0.90113	-0.07935	-0.01365	0.09411	0.99547		-650.60196	-2874.75254	394.38191	-0.34730	-0.01130	-86.58028	0.74171	0.05965	-0.99820	0.00606	0.99822	0.05965	-0.00016	-0.00020	0.00606	0.99998	
51	0.50000	-132.04100	901.47064	1135.85130	-5.33914	-0.75359	-25.30149	0.37748	0.90399	-0.42442	0.05161	0.42734	0.90067	-0.07853	-0.01315	0.09304	0.99558		-649.37743	-2874.84902	394.44667	-0.09262	-0.20831	-86.52293	0.89822	0.06065	-0.99816	0.00183	0.99815	0.06065	0.00353	-0.00364	0.00162	0.99999	
52	0.51000	-132.03342	901.04700	1135.65214	-5.28665	-0.72503	-25.37073	0.41754	0.90348	-0.42560	0.05086	0.42844	0.90021	-0.07785	-0.01265	0.09213	0.99567		-648.19975	-2875.05597	394.44376	-0.08667	-0.13049	-86.58456	0.89936	0.05958	-0.99822	0.00165	0.99822	0.05958	0.00218	-0.00228	0.00151	1.00000	
53	0.52000	-132.06086	900.61160	1135.42010	-5.23650	-0.68079	-25.45740	0.40748	0.90284	-0.42707	0.04991	0.42981	0.89960	-0.07732	-0.01188	0.09126	0.99576		-647.17330	-2875.15747	394.37875	-0.26719	-0.15334	-86.80979	0.73455	0.05565	-0.99844	0.00480	0.99845	0.05566	0.00241	-0.00268	0.00466	0.99999	
54	0.53000	-132.06890	900.19503	1135.24021	-5.18392	-0.64737	-25.53581	0.40511	0.90226	-0.42839	0.04910	0.43105	0.89907	-0.07668	-0.01130	0.09035	0.99585		-645.82036	-2875.29950	394.40820	-0.33405	0.05702	-86.86370	0.75885	0.05471	-0.99849	0.00577	0.99850	0.05470	-0.00131	0.00100	0.00583	0.99998	
55	0.54000	-132.08666	899.79345	1135.04016	-5.12891	-0.61557	-25.61920	0.41677	0.90164	-0.42979	0.04830	0.43236	0.89849	-0.07598	-0.01074	0.08939	0.99594		-644.67932	-2875.35177	394.37172	-0.37967	0.12769	-86.90676	0.75782	0.05396	-0.99852	0.00650	0.99854	0.05395	-0.00258	0.00223	0.00663	0.99998	
56	0.55000	-132.12764	899.37817	1134.81093	-5.07858	-0.56967	-25.71182	0.37798	0.90094	-0.43135	0.04733	0.43382	0.89783	-0.07546	-0.00994	0.08852	0.99603		-643.69642	-2875.34376	394.30733	-0.40617	0.11002	-86.95724	0.74804	0.05308	-0.99857	0.00698	0.99859	0.05307	-0.00229	0.00192	0.00709	0.99997	
57	0.56000	-132.13849	898.95594	1134.55774	-5.03151	-0.51531	-25.80148	0.39906	0.90027	-0.43287	0.04624	0.43524	0.89718	-0.07506	-0.00899	0.08770	0.99611		-642.72874	-2875.21604	394.24122	-0.44604	0.05971	-87.03744	0.77852	0.05168	-0.99863	0.00772	0.99866	0.05167	-0.00144	0.00104	0.00778	0.99997	
58	0.57000	-132.24153	898.56806	1134.31039	-4.97789	-0.48027	-25.88977	0.39113	0.89960	-0.43434	0.04540	0.43663	0.89656	-0.07442	-0.00838	0.08677	0.99619		-641.69140	-2875.08914	394.25829	-0.49144	0.02375	-87.08769	0.77778	0.05081	-0.99867	0.00854	0.99871	0.05080	-0.00085	0.00041	0.00858	0.99996	
59	0.58000	-132.34651	898.20139	1134.04012	-4.93369	-0.44343	-25.96582	0.39282	0.89903	-0.43561	0.04459	0.43782	0.89602	-0.07395	-0.00774	0.08600	0.99627		-640.69446	-2875.07742	394.30087	-0.47798	0.03991	-87.08381	0.78453	0.05088	-0.99867	0.00830	0.99870	0.05087	-0.00112	0.00070	0.00834	0.99996	
60	0.59000	-132.47553	897.83967	1133.82530	-4.87926	-0.41385	-26.03546	0.38159	0.89850	-0.43678	0.04380	0.43892	0.89554	-0.07327	-0.00722	0.08505	0.99635		-639.59615	-2875.14013	394.29507	-0.48435	0.02535	-87.20132	0.80299	0.04883	-0.99877	0.00842	0.99881	0.04882	-0.00085	0.00044	0.00845	0.99996	
61	0.60000	-132.64741	897.48497	1133.56015	-4.85049	-0.38250	-26.11035	0.39962	0.89793	-0.43802	0.04319	0.44009	0.89498	-0.07300	-0.00668	0.08455	0.99640		-638.46739	-2875.22675	394.29922	-0.55428	0.16146	-87.19402	0.82091	0.04895	-0.99876	0.00952	0.99880	0.04892	-0.00329	0.00282	0.00967	0.99995	
62	0.61000	-132.81549	897.19951	1133.22678	-4.81174	-0.37172	-26.18261	0.37767	0.89737	-0.43919	0.04281	0.44122	0.89447	-0.07242	-0.00649	0.08388	0.99645		-637.38665	-2875.31416	394.33323	-0.53720	0.13207	-87.22068	0.81465	0.04849	-0.99878	0.00925	0.99882	0.04847	-0.00276	0.00231	0.00938	0.99995	
63	0.62000	-133.06962	896.89101	1132.94291	-4.79499	-0.37442	-26.22942	0.37874	0.89701	-0.43993	0.04279	0.44196	0.89413	-0.07211	-0.00653	0.08359	0.99648		-636.23382	-2875.31882	394.38829	-0.44918	0.19271	-87.10950	0.85387	0.05043	-0.99870	0.00766	0.99872	0.05040	-0.00375	0.00336	0.00784	0.99996	
64	0.63000	-133.45473	896.53120	1132.55799	-4.77932	-0.36396	-26.25210	0.38526	0.89684	-0.44031	0.04253	0.44231	0.89397	-0.07192	-0.00635	0.08332	0.99650		-635.29762	-2875.61293	394.36169	-0.69655	0.26102	-87.29308	0.80405	0.04723	-0.99881	0.01193	0.99887	0.04717	-0.00512	0.00456	0.01216	0.99992	
65	0.64000	-133.67950	896.27613	1132.19762	-4.74278	-0.40041	-26.29482	0.36996	0.89650	-0.44096	0.04287	0.44298	0.89371	-0.07104	-0.00699	0.08268	0.99655		-634.20116	-2875.90425	394.49981	-0.54734	0.20059	-87.37946	0.83610	0.04572	-0.99891	0.00938	0.99895	0.04569	-0.00393	0.00350	0.00955	0.99995	
66	0.65000	-134.07868	895.89855	1131.69381	-4.76932	-0.38234	-26.31603	0.38006	0.89634	-0.44129	0.04282	0.44331	0.89350	-0.07158	-0.00667	0.08314	0.99652		-632.98354	-2876.32358	394.56377	-0.49689	0.31348	-87.39877	0.82775	0.04538	-0.99893	0.00842	0.99895	0.04534	-0.00586	0.00547	0.00867	0.99995	
67	0.66000	-134.47659	895.62421	1131.33464	-4.73327	-0.42216	-26.33952	0.38730	0.89616	-0.44163	0.04319	0.44368	0.89339	-0.07069	-0.00737	0.08251	0.99656		-631.50204	-2876.78789	394.87909	-0.26061	-0.08382	-87.39590	0.86072	0.04543	-0.99896	0.00461	0.99897	0.04544	0.00125	-0.00146	0.00455	0.99999	
68	0.67000	-134.93554	895.30909	1130.94274	-4.71961	-0.42179	-26.36372	0.39531	0.89597	-0.44202	0.04311	0.44406	0.89322	-0.07046	-0.00736	0.08228	0.99658		-630.18816	-2877.45944	395.05351	-0.32870	0.03578	-87.51552	0.85632	0.04335	-0.99904	0.00570	0.99906	0.04334	-0.00087	0.00062	0.00574	0.99998	
69	0.68000	-135.47554	894.92319	1130.58404	-4.72643	-0.45364	-26.36211	0.40551	0.89598	-0.44195	0.04366	0.44403	0.89325	-0.07033	-0.00792	0.08240	0.99657		-628.86792	-2878.14031	395.07528	-0.27936	0.15692	-87.80279	0.82169	0.03834	-0.99925	0.00477	0.99926	0.03833	-0.00292	0.00274	0.00488	0.99998	
70	0.69000	-136.03748	894.56571	1130.23570	-4.72523	-0.49682	-26.35833	0.38148	0.89600	-0.44183	0.04432	0.44397	0.89331	-0.06998	-0.00867	0.08237	0.99656		-627.46005	-2878.58135	395.14811	-0.18393	0.15600	-87.83867	0.80143	0.03771	-0.99928	0.00311	0.99928	0.03770	-0.00284	0.00272	0.00321	0.99999	
71	0.70000	-136.70165	894.11231	1129.86967	-4.75986	-0.52940	-26.34434	0.40861	0.89610	-0.44155	0.04507	0.44375	0.89339	-0.07028	-0.00924	0.08298	0.99651		-625.96799	-2878.88136	395.17258	-0.23719	0.13709	-87.96598	0.81751	0.03549	-0.99936	0.00405	0.99937	0.03548	-0.00254	0.00239	0.00414	0.99999	
72	0.71000	-137.37257	893.64378	1129.65259	-4.70594	-0.58318	-26.33426	0.40042	0.89617	-0.44136	0.04549	0.44358	0.89357	-0.06903	-0.01018	0.08204	0.99658		-624.30324	-2878.99918	395.16046	-0.19787	0.01343	-87.91398	0.89707	0.03640	-0.99933	0.00344	0.99934	0.03640	-0.00036	0.00023	0.00345	0.99999	
73	0.72000	-138.12582	893.12988	1129.45879	-4.69606	-0.61859	-26.30385	0.37884	0.89640	-0.44085	0.04592	0.44311	0.89384	-0.06862	-0.01080	0.08187	0.99658		-622.64590	-2879.18042	395.00055	-0.20589	-0.06812	-88.00346	0.93283	0.03484	-0.99939	0.00363	0.99939	0.03484	0.00106	-0.00119	0.00359	0.99999	
74	0.73000	-138.98024	892.56884	1129.26803	-4.66633	-0.66603	-26.26864	0.36964	0.89667	-0.44027	0.04639	0.44255	0.89417	-0.06782	-0.01162	0.08135	0.99662		-621.07253	-2879.47514	394.93504	-0.31848	-0.02911	-88.34415	0.86090	0.02890	-0.99957	0.00557	0.99958	0.02890	0.00035	-0.00051	0.00556	0.99998	
75	0.74000	-139.87520	891.97065	1129.06689	-4.64814	-0.72351	-26.22789	0.36966	0.89697	-0.43957	0.04710	0.44191	0.89455	-0.06713	-0.01263	0.08103	0.99663		-619.17864	-2879.46055	394.89826	-0.30240	-0.04372	-88.43340	0.92846	0.02734	-0.99961	0.00530	0.99963	0.02734	0.00062	-0.00076	0.00528	0.99999	
76	0.75000	-140.86817	891.33606	1128.93616	-4.65429	-0.77576	-26.18603	0.38824	0.89728	-0.43885	0.04792	0.44125	0.89489	-0.06686	-0.01354	0.08114	0.99661		-617.20223	-2879.27888	395.11940	-0.50636	-0.21830	-88.48107	1.12312	0.02651	-0.99961	0.00894	0.99964	0.02654	0.00357	-0.00381	0.00884	0.99995	
77	0.76000	-141.91942	890.63662	1128.80850	-4.66165	-0.82713	-26.15215	0.38005	0.89753	-0.43825	0.04874	0.44071	0.89517	-0.06661	-0.01444	0.08126	0.99659		-615.29560	-2879.28899	395.07178	-0.46564	-0.07078	-88.64268	1.05494	0.02369	-0.99969	0.00815	0.99972	0.02370	0.00104	-0.00124	0.00813	0.99997	
78	0.77000	-143.02590	889.87140	1128.73315	-4.64470	-0.86804	-26.11922	0.38310	0.89778	-0.43769	0.04921	0.44019	0.89547	-0.06606	-0.01515	0.08097	0.99660		-612.88761	-2878.94850	395.06412	-0.47166	-0.09257	-88.62648	1.13704	0.02397	-0.99968	0.00827	0.99971	0.02398	0.00142	-0.00162	0.00823	0.99996	
79	0.78000	-144.19492	889.00848	1128.68247	-4.64388	-0.92718	-26.09102	0.39039	0.89798	-0.43718	0.05009	0.43974	0.89572	-0.06562	-0.01618	0.08095	0.99659		-610.81770	-2878.90944	394.91050	-0.60986	-0.05243	-88.87814	1.00638	0.01958	-0.99975	0.01066	0.99981	0.01959	0.00071	-0.00092	0.01064	0.99994	
80	0.79000	-145.48408	888.12928	1128.64120	-4.63132	-0.97561	-26.06712	0.38255	0.89815	-0.43675	0.05073	0.43936	0.89595	-0.06507	-0.01703	0.08073	0.99659		-608.59250	-2878.83703	394.94718	-0.75582	-0.00508	-88.98439	1.00110	0.01772	-0.99976	0.01319	0.99984	0.01772	-0.00015	-0.00009	0.01319	0.99991	
81	0.80000	-146.83645	887.12996	1128.55508	-4.63677	-1.04602	-26.03830	0.35855	0.89835	-0.43621	0.05183	0.43890	0.89621	-0.06465	-0.01826	0.08083	0.99656		-606.34210	-2878.84133	395.45416	-1.93569	0.33209	-89.02084	1.06742	0.01709	-0.99929	0.03367	0.99984	0.01688	-0.00637	0.00580	0.03378	0.99941	
82	0.81000	-148.28348	886.11077	1128.49536	-4.63252	-1.09852	-26.03971	0.38579	0.89832	-0.43617	0.05262	0.43891	0.89623	-0.06418	-0.01917	0.08075	0.99655		-603.99550	-2878.76635	395.60868	-2.13947	0.29819	-88.98338	1.29404	0.01774	-0.99915	0.03723	0.99983	0.01754	-0.00586	0.00520	0.03733	0.99929	
83	0.82000	-149.77744	884.94924	1128.36221	-4.62157	-1.18190	-26.03874	0.39726	0.89831	-0.43606	0.05384	0.43889	0.89631	-0.06337	-0.02063	0.08056	0.99654		-601.54597	-2878.66127	395.67183	-2.39225	0.11962	-88.82024	1.56247	0.02059	-0.99892	0.04169	0.99979	0.02048	-0.00294	0.00209	0.04174	0.99913	
84	0.83000	-151.40313	883.71470	1128.20034	-4.60047	-1.25732	-26.04837	0.40188	0.89821	-0.43613	0.05487	0.43902	0.89630	-0.06246	-0.02194	0.08019	0.99654		-599.25673	-2878.28229	395.94922	-2.70985	0.39305	-89.49509	2.10698	0.00881	-0.99885	0.04722	0.99994	0.00848	-0.00727	0.00686	0.04728	0.99886	
85	0.84000	-153.11241	882.39973	1128.07450	-4.58171	-1.31848	-26.08040	0.40562	0.89794	-0.43658	0.05572	0.43952	0.89612	-0.06166	-0.02301	0.07986	0.99654		-597.29789	-2879.12173	396.06610	-2.76074	-0.01877	-88.83321	2.22746	0.02036	-0.99863	0.04816	0.99979	0.02035	-0.00065	-0.00033	0.04817	0.99884	
86	0.85000	-154.92078	881.07578	1127.96050	-4.56246	-1.40189	-26.11464	0.40227	0.89765	-0.43703	0.05691	0.44004	0.89593	-0.06069	-0.02447	0.07952	0.99653		-594.80586	-2878.62288	396.19290	-2.94554	0.16400	-89.27116	2.53487	0.01272	-0.99860	0.05135	0.99992	0.01256	-0.00351	0.00286	0.05139	0.99867	
87	0.86000	-156.80473	879.55898	1127.81160	-4.55158	-1.46896	-26.15371	0.39381	0.89732	-0.43756	0.05792	0.44064	0.89568	-0.05997	-0.02564	0.07933	0.99652		-592.63297	-2879.17934	396.11285	-2.98885	0.04251	-89.45565	2.52841	0.00950	-0.99859	0.05213	0.99995	0.00945	-0.00124	0.00074	0.05214	0.99864	
88	0.87000	-158.76785	877.99245	1127.65225	-4.52756	-1.52402	-26.21173	0.38064	0.89685	-0.43843	0.05865	0.44153	0.89530	-0.05911	-0.02660	0.07891	0.99653		-590.45661	-2879.87453	395.97454	-2.85380	0.18316	-89.66320	2.34504	0.00588	-0.99874	0.04977	0.99998	0.00571	-0.00349	0.00320	0.04979	0.99875	
89	0.88000	-160.85229	876.28891	1127.41436	-4.52089	-1.59092	-26.28180	0.37447	0.89628	-0.43945	0.05972	0.44262	0.89481	-0.05842	-0.02776	0.07879	0.99650		-588.25435	-2880.91161	395.93892	-2.34342	0.10351	-90.11356	1.85017	-0.00198	-0.99916	0.04089	1.00000	-0.00205	-0.00172	0.00181	0.04089	0.99916	
90	0.89000	-162.99526	874.49626	1127.32678	-4.54010	-1.63286	-26.36016	0.36962	0.89566	-0.44060	0.06060	0.44383	0.89421	-0.05831	-0.02849	0.07912	0.99646		-586.14902	-2883.06291	394.85780	-0.07011	-0.28380	-90.11526	1.44107	-0.00201	-1.00000	0.00121	0.99999	-0.00201	0.00496	-0.00495	0.00122	0.99999	
91	0.90000	-165.22938	872.61992	1127.26117	-4.55484	-1.65926	-26.44933	0.39080	0.89495	-0.44194	0.06121	0.44522	0.89353	-0.05824	-0.02896	0.07938	0.99642		-584.05466	-2884.31814	394.34657	0.35781	0.22873	-90.96583	1.42555	-0.01686	-0.99984	-0.00618	0.99985	-0.01683	-0.00410	0.00399	-0.00624	0.99997	
92	0.91000	-167.56638	870.59498	1127.24289	-4.58148	-1.67673	-26.54974	0.41742	0.89416	-0.44346	0.06179	0.44678	0.89273	-0.05842	-0.02926	0.07984	0.99638		-581.40587	-2884.67736	394.25422	0.17693	0.32627	-91.09944	1.40213	-0.01919	-0.99981	-0.00298	0.99980	-0.01917	-0.00575	0.00569	-0.00309	0.99998	
93	0.92000	-170.03514	868.41957	1127.26023	-4.58575	-1.66756	-26.65156	0.38942	0.89337	-0.44505	0.06179	0.44837	0.89193	-0.05844	-0.02910	0.07992	0.99638		-578.39894	-2884.06649	394.92617	-0.34509	-0.02110	-90.70705	1.09817	-0.01234	-0.99991	0.00602	0.99992	-0.01234	0.00044	-0.00037	0.00602	0.99998	
94	0.93000	-172.58150	866.16734	1127.26431	-4.58301	-1.63222	-26.78196	0.38145	0.89237	-0.44712	0.06135	0.45041	0.89090	-0.05854	-0.02848	0.07987	0.99640		-575.78419	-2884.46582	394.89785	-0.36272	-0.00569	-90.81578	1.08754	-0.01424	-0.99988	0.00633	0.99990	-0.01424	0.00019	-0.00010	0.00633	0.99998	
95	0.94000	-175.26834	863.70246	1127.28879	-4.58525	-1.61983	-26.91050	0.36472	0.89136	-0.44913	0.06131	0.45242	0.88988	-0.05853	-0.02827	0.07991	0.99640		-573.21292	-2885.16850	394.87568	-0.49495	0.20406	-91.04894	0.87901	-0.01831	-0.99979	0.00870	0.99983	-0.01834	-0.00340	0.00356	0.00864	0.99996	
96	0.95000	-178.05957	861.18414	1127.22730	-4.61388	-1.60122	-27.06745	0.34489	0.89012	-0.45156	0.06141	0.45486	0.88861	-0.05896	-0.02794	0.08041	0.99637		-570.24396	-2885.09558	395.08098	-0.65836	-0.15979	-90.89001	1.05183	-0.01553	-0.99981	0.01145	0.99988	-0.01550	0.00297	-0.00279	0.01149	0.99993	
97	0.96000	-180.98203	858.57019	1127.19584	-4.60702	-1.60521	-27.22893	0.38335	0.88884	-0.45407	0.06158	0.45737	0.88734	-0.05864	-0.02801	0.08029	0.99638		-567.57362	-2885.82006	395.03780	-0.37191	-0.19618	-91.36391	1.00407	-0.02380	-0.99970	0.00641	0.99971	-0.02378	0.00358	-0.00342	0.00649	0.99997	
98	0.97000	-183.97102	855.78560	1127.17241	-4.62913	-1.60972	-27.42367	0.38325	0.88727	-0.45705	0.06202	0.46038	0.88577	-0.05874	-0.02809	0.08067	0.99634		-564.62331	-2886.19288	395.02613	-0.41863	-0.24088	-91.42722	1.02867	-0.02491	-0.99966	0.00720	0.99968	-0.02488	0.00438	-0.00420	0.00731	0.99996	
99	0.98000	-187.13904	852.89519	1127.12183	-4.62078	-1.62536	-27.63605	0.37849	0.88556	-0.46032	0.06241	0.46367	0.88409	-0.05826	-0.02836	0.08053	0.99635		-561.34493	-2886.47241	395.15673	-0.38766	-0.08916	-91.48156	1.19078	-0.02586	-0.99964	0.00672	0.99966	-0.02584	0.00173	-0.00156	0.00677	0.99998	
100	0.99000	-190.42664	849.97288	1127.02322	-4.61140	-1.62161	-27.87637	0.37832	0.88360	-0.46404	0.06252	0.46738	0.88216	-0.05788	-0.02830	0.08037	0.99636		-558.05959	-2886.95696	395.03261	-0.50005	0.14126	-91.70399	1.13533	-0.02974	-0.99952	0.00880	0.99955	-0.02976	-0.00220	0.00247	0.00873	0.99996	
101	1.00000	-193.76711	846.95250	1126.93017	-4.59140	-1.65929	-28.14530	0.38447	0.88138	-0.46815	0.06321	0.47151	0.88002	-0.05697	-0.02896	0.08002	0.99637		-554.34863	-2887.44795	395.11869	-0.58490	0.09279	-91.83678	1.13659	-0.03205	-0.99943	0.01025	0.99948	-0.03207	-0.00129	0.00162	0.01021	0.99995	
102	1.01000	-197.28400	843.90702	1126.83743	-4.61449	-1.75583	-28.44071	0.40066	0.87890	-0.47254	0.06517	0.47603	0.87763	-0.05620	-0.03064	0.08041	0.99629		-550.52122	-2887.97616	395.06834	-0.54439	0.09066	-91.98177	1.14543	-0.03458	-0.99936	0.00955	0.99940	-0.03459	-0.00125	0.00158	0.00950	0.99995	
103	1.02000	-200.87606	840.84049	1126.72178	-4.59728	-1.81392	-28.72226	0.40062	0.87652	-0.47679	0.06619	0.48032	0.87536	-0.05513	-0.03165	0.08011	0.99628		-546.76879	-2888.63884	395.02803	-0.45595	0.02817	-92.21693	0.94116	-0.03868	-0.99922	0.00797	0.99925	-0.03869	-0.00018	0.00049	0.00796	0.99997	
104	1.03000	-204.52855	837.69083	1126.50686	-4.57810	-1.86614	-29.03103	0.38824	0.87389	-0.48146	0.06712	0.48503	0.87283	-0.05404	-0.03256	0.07978	0.99628		-542.69642	-2888.99371	395.06145	-0.51593	-0.01163	-92.27351	1.05195	-0.03967	-0.99917	0.00899	0.99921	-0.03967	0.00056	-0.00020	0.00900	0.99996	
105	1.04000	-208.29192	834.59686	1126.24646	-4.58469	-1.93051	-29.35980	0.35390	0.87106	-0.48638	0.06846	0.49001	0.87009	-0.05320	-0.03369	0.07989	0.99623		-538.75755	-2889.35557	394.95290	-0.34537	0.02035	-92.41618	1.03786	-0.04216	-0.99909	0.00604	0.99911	-0.04216	-0.00010	0.00036	0.00603	0.99998	
106	1.05000	-212.09364	831.40891	1126.10207	-4.58356	-1.99976	-29.69640	0.38383	0.86813	-0.49140	0.06980	0.49510	0.86727	-0.05219	-0.03490	0.07986	0.99619		-535.02893	-2889.84499	394.93591	-0.42931	0.06097	-92.69411	1.12040	-0.04700	-0.99887	0.00753	0.99889	-0.04701	-0.00071	0.00106	0.00749	0.99997	
107	1.06000	-215.92369	828.33737	1125.98503	-4.57737	-2.07471	-30.03201	0.39353	0.86518	-0.49639	0.07118	0.50016	0.86443	-0.05103	-0.03620	0.07975	0.99616		-530.90610	-2890.36834	394.71212	-0.49015	0.24502	-92.70477	1.20158	-0.04719	-0.99885	0.00875	0.99888	-0.04722	-0.00387	0.00428	0.00855	0.99995	
108	1.07000	-219.83121	825.24210	1125.87053	-4.58824	-2.14717	-30.37758	0.44077	0.86211	-0.50149	0.07267	0.50534	0.86146	-0.05013	-0.03747	0.07994	0.99610		-527.02386	-2890.95180	394.58829	-0.61456	0.19629	-93.08002	0.99923	-0.05373	-0.99850	0.01089	0.99855	-0.05376	-0.00284	0.00343	0.01073	0.99994	
109	1.08000	-223.74437	822.13558	1125.87587	-4.53901	-2.19536	-30.70982	0.47204	0.85913	-0.50648	0.07325	0.51032	0.85862	-0.04854	-0.03831	0.07908	0.99613		-523.16531	-2891.42507	394.64954	-0.63513	0.04862	-93.21958	0.88022	-0.05616	-0.99836	0.01111	0.99842	-0.05617	-0.00022	0.00085	0.01108	0.99994	
110	1.09000	-227.68118	819.09649	1125.76637	-4.48573	-2.21672	-31.03721	0.44969	0.85619	-0.51142	0.07337	0.51521	0.85577	-0.04713	-0.03868	0.07815	0.99619		-519.13053	-2891.49648	394.86230	-0.67885	-0.08215	-93.35529	1.03349	-0.05853	-0.99822	0.01174	0.99828	-0.05851	0.00212	-0.00143	0.01185	0.99993	
111	1.10000	-231.66972	816.13718	1125.72576	-4.40980	-2.23700	-31.34985	0.44423	0.85336	-0.51616	0.07324	0.51987	0.85304	-0.04542	-0.03903	0.07683	0.99628		-515.37264	-2892.25341	394.87933	-0.71265	0.55926	-93.73238	0.77107	-0.06509	-0.99779	0.01305	0.99783	-0.06521	-0.00893	0.00976	0.01244	0.99988	
112	1.11000	-235.75407	813.26800	1125.68048	-4.32103	-2.25168	-31.66756	0.40498	0.85045	-0.52098	0.07290	0.52458	0.85024	-0.04356	-0.03929	0.07529	0.99639		-511.41346	-2892.75286	394.92474	-0.65673	0.68945	-93.74744	0.80574	-0.06535	-0.99779	0.01222	0.99779	-0.06549	-0.01126	0.01203	0.01146	0.99986	
113	1.12000	-239.86061	810.47749	1125.63569	-4.19173	-2.30255	-31.97605	0.40933	0.84758	-0.52566	0.07270	0.52914	0.84756	-0.04078	-0.04018	0.07304	0.99652		-507.27357	-2892.97920	394.82833	-0.63708	0.24186	-93.85376	0.85584	-0.06721	-0.99767	0.01138	0.99773	-0.06725	-0.00346	0.00422	0.01112	0.99993	
114	1.13000	-243.99392	807.63570	1125.58813	-4.01954	-2.35101	-32.24257	0.40736	0.84509	-0.52976	0.07201	0.53306	0.84525	-0.03746	-0.04102	0.07004	0.99670		-503.62999	-2893.35129	395.11291	-0.41897	0.30609	-93.67319	0.77881	-0.06406	-0.99792	0.00764	0.99793	-0.06410	-0.00486	0.00534	0.00731	0.99996	
115	1.14000	-248.13909	804.88497	1125.58580	-3.83966	-2.40384	-32.49274	0.42785	0.84272	-0.53362	0.07127	0.53672	0.84308	-0.03400	-0.04194	0.06691	0.99688		-499.82258	-2893.67946	395.02118	-0.55239	0.39818	-93.73981	0.79412	-0.06522	-0.99782	0.01007	0.99785	-0.06529	-0.00631	0.00695	0.00964	0.99993	
116	1.15000	-252.35908	802.31009	1125.60442	-3.66183	-2.46583	-32.75031	0.40438	0.84026	-0.53756	0.07066	0.54048	0.84081	-0.03049	-0.04302	0.06381	0.99703		-495.78700	-2893.47308	395.36391	-0.70645	0.65283	-94.26923	1.23405	-0.07444	-0.99714	0.01314	0.99716	-0.07458	-0.01044	0.01139	0.01233	0.99986	
117	1.16000	-256.68659	799.71018	1125.60653	-3.48571	-2.51245	-32.98435	0.42768	0.83801	-0.54117	0.06980	0.54389	0.83872	-0.02718	-0.04384	0.06074	0.99719		-492.33556	-2893.09019	395.87855	-1.82801	1.10640	-94.58492	2.22836	-0.07992	-0.99624	0.03334	0.99661	-0.08051	-0.01669	0.01931	0.03189	0.99930	
118	1.17000	-261.13349	797.30131	1125.63631	-3.30428	-2.56967	-33.24787	0.38809	0.83547	-0.54519	0.06903	0.54771	0.83633	-0.02366	-0.04483	0.05758	0.99733		-488.63752	-2893.47958	396.28477	-2.84018	1.24133	-94.13855	2.86331	-0.07215	-0.99609	0.05098	0.99716	-0.07315	-0.01800	0.02166	0.04954	0.99854	
119	1.18000	-265.68965	794.85619	1125.77848	-3.13053	-2.62324	-33.49598	0.41312	0.83305	-0.54897	0.06825	0.55130	0.83406	-0.02032	-0.04577	0.05455	0.99746		-484.88587	-2894.01808	396.51789	-3.33796	1.18876	-94.25738	3.01701	-0.07422	-0.99546	0.05960	0.99703	-0.07532	-0.01633	0.02075	0.05821	0.99809	
120	1.19000	-270.35984	792.35798	1126.01532	-2.95192	-2.68448	-33.69350	0.42878	0.83110	-0.55201	0.06749	0.55414	0.83225	-0.01690	-0.04684	0.05144	0.99758		-480.79692	-2894.53625	395.94104	-2.51162	1.01125	-94.22239	2.67969	-0.07362	-0.99627	0.04500	0.99713	-0.07433	-0.01436	0.01765	0.04382	0.99888	
121	1.20000	-275.17077	790.00027	1126.48002	-2.71907	-2.75553	-33.88662	0.42275	0.82918	-0.55503	0.06631	0.55691	0.83048	-0.01261	-0.04807	0.04738	0.99772		-477.36604	-2895.29257	395.73411	-2.22402	0.80827	-94.46109	2.17422	-0.07777	-0.99618	0.03979	0.99687	-0.07827	-0.01103	0.01411	0.03880	0.99915	
122	1.21000	-280.10673	787.69630	1127.05252	-2.49969	-2.86851	-34.08289	0.40601	0.82719	-0.55805	0.06585	0.55969	0.82866	-0.00810	-0.05004	0.04356	0.99780		-473.68882	-2896.12316	395.64169	-1.68787	0.83437	-94.45309	1.67610	-0.07763	-0.99652	0.03050	0.99688	-0.07804	-0.01222	0.01456	0.02945	0.99946	
123	1.22000	-285.20314	785.44521	1127.82873	-2.29551	-3.00780	-34.28680	0.37403	0.82509	-0.56115	0.06588	0.56256	0.82675	-0.00356	-0.05247	0.04000	0.99782		-469.89228	-2896.89847	395.42183	-1.19682	0.57758	-94.52975	1.51688	-0.07897	-0.99664	0.02162	0.99683	-0.07917	-0.00840	0.01008	0.02089	0.99973	
124	1.23000	-290.40137	783.29914	1128.63481	-2.09831	-3.16827	-34.47471	0.36078	0.82312	-0.56399	0.06626	0.56518	0.82497	0.00108	-0.05527	0.03656	0.99780		-465.88800	-2897.92169	394.62739	-0.13494	0.18883	-94.30516	1.02635	-0.07507	-0.99718	0.00260	0.99717	-0.07508	-0.00311	0.00330	0.00236	0.99999	
125	1.24000	-295.66903	781.14299	1129.60064	-1.91640	-3.30612	-34.64972	0.37956	0.82127	-0.56665	0.06643	0.56761	0.82328	0.00526	-0.05767	0.03339	0.99778		-462.23325	-2898.59291	394.73976	0.05118	0.06031	-94.37038	0.98471	-0.07620	-0.99709	-0.00081	0.99709	-0.07620	-0.00112	0.00105	-0.00089	1.00000	
126	1.25000	-300.94261	779.12120	1130.52923	-1.75071	-3.49946	-34.81473	0.40138	0.81947	-0.56913	0.06753	0.56986	0.82168	0.00975	-0.06104	0.03049	0.99767		-458.64264	-2899.13145	394.74939	0.04193	0.07271	-94.53200	1.00187	-0.07902	-0.99687	-0.00063	0.99687	-0.07901	-0.00132	0.00127	-0.00073	1.00000	
127	1.26000	-306.37536	777.07905	1131.61459	-1.64484	-3.69096	-34.97706	0.41251	0.81768	-0.57150	0.06918	0.57206	0.82010	0.01337	-0.06437	0.02864	0.99751		-455.20389	-2899.59765	394.69804	0.31042	-0.12837	-94.62370	1.06878	-0.08061	-0.99673	-0.00558	0.99674	-0.08062	0.00180	-0.00224	-0.00542	0.99998	
128	1.27000	-311.84771	775.30416	1133.00866	-1.53597	-3.86158	-35.12761	0.37704	0.81602	-0.57372	0.07048	0.57409	0.81862	0.01681	-0.06735	0.02674	0.99737		-451.61746	-2900.03092	394.70968	0.23025	-0.03408	-94.69012	1.00456	-0.08177	-0.99664	-0.00405	0.99665	-0.08177	0.00026	-0.00059	-0.00402	0.99999	
129	1.28000	-317.37712	773.53044	1134.59122	-1.49726	-4.05080	-35.27960	0.36360	0.81430	-0.57586	0.07274	0.57612	0.81713	0.01946	-0.07064	0.02606	0.99716		-447.85606	-2899.95156	394.89501	0.38292	-0.24519	-94.29666	1.53139	-0.07492	-0.99717	-0.00698	0.99718	-0.07495	0.00377	-0.00428	-0.00668	0.99997	
130	1.29000	-322.91916	771.86676	1136.25709	-1.47594	-4.24393	-35.41194	0.36929	0.81277	-0.57771	0.07522	0.57786	0.81584	0.02187	-0.07400	0.02569	0.99693		-444.08928	-2900.11282	394.96842	0.32641	-0.38995	-94.06006	1.84191	-0.07080	-0.99747	-0.00616	0.99747	-0.07084	0.00639	-0.00681	-0.00570	0.99996	
131	1.30000	-328.55583	770.27778	1138.16896	-1.51117	-4.41419	-35.53837	0.42125	0.81131	-0.57939	0.07794	0.57952	0.81462	0.02326	-0.07697	0.02629	0.99669		-440.37718	-2900.34189	395.00070	0.28565	-0.46063	-94.00977	1.95021	-0.06992	-0.99754	-0.00554	0.99752	-0.06997	0.00767	-0.00804	-0.00499	0.99996	
132	1.31000	-334.18201	768.76377	1140.27002	-1.54609	-4.58396	-35.65135	0.45367	0.80998	-0.58089	0.08064	0.58099	0.81354	0.02464	-0.07992	0.02689	0.99644		-436.75983	-2901.02734	394.68348	0.73752	-0.39582	-94.20496	2.15575	-0.07332	-0.99722	-0.01334	0.99728	-0.07341	0.00595	-0.00691	-0.01287	0.99989	
