1021.51745	-14.03248	304.02964	0.99995	-0.01	-0.00187	0.01002	0.99987	0.01275	0.00175	-0.01277	0.99992
1021.70195	-13.63571	303.82847	0.99996	-0.00876	-0.00157	0.00878	0.99985	0.01505	0.00143	-0.01506	0.99989
1021.75282	-13.39927	303.65727	0.99996	-0.00853	-0.00133	0.00855	0.9999	0.0112	0.00123	-0.01122	0.99994
1021.08828	-15.88692	304.40353	0.99996	-0.00878	-0.00185	0.0088	0.99987	0.01348	0.00173	-0.0135	0.99991
1020.65513	-15.26853	304.27495	0.99997	-0.0074	-0.00169	0.00742	0.99989	0.01275	0.00159	-0.01276	0.99992
1020.87606	-13.99091	303.99464	0.99998	-0.00511	-0.00263	0.00515	0.9999	0.01314	0.00256	-0.01315	0.99991
1020.14841	-13.21264	303.1852	0.99999	-0.00314	-0.00258	0.00317	0.99992	0.01215	0.00254	-0.01216	0.99992
1019.98438	-12.82804	303.0856	0.99999	-0.00231	-0.00294	0.00235	0.99993	0.01172	0.00291	-0.01172	0.99993
1020.00662	-12.81497	303.1157	0.99999	-0.00236	-0.00215	0.00238	0.99994	0.01079	0.00213	-0.0108	0.99994
0	0	0	0	0	0	0	0	0	0	0	0
1020.25933	-13.71438	303.27811	0.99998	-0.00518	-0.00179	0.0052	0.99995	0.00851	0.00175	-0.00852	0.99996
1020.89132	-14.44045	303.11274	0.99997	-0.00811	-0.00106	0.00812	0.99995	0.00628	0.00101	-0.00629	0.99998
1020.81667	-14.54054	303.26261	0.99997	-0.00793	-0.00111	0.00794	0.99994	0.00736	0.00106	-0.00737	0.99997
1020.82005	-14.54724	303.25678	0.99997	-0.0079	-0.00107	0.0079	0.99994	0.00723	0.00101	-0.00724	0.99997
1020.81337	-14.55642	303.27975	0.99997	-0.00798	-0.0011	0.00798	0.99994	0.00719	0.00105	-0.0072	0.99997
1020.83803	-14.58068	303.27805	0.99997	-0.00788	-0.00111	0.00789	0.99994	0.00725	0.00105	-0.00726	0.99997
1020.81857	-14.57167	303.25622	0.99997	-0.00778	-0.00116	0.00778	0.99994	0.00722	0.0011	-0.00723	0.99997
1020.84716	-14.57645	303.28641	0.99997	-0.00781	-0.00123	0.00782	0.99994	0.00716	0.00117	-0.00717	0.99997
1020.80719	-14.54796	303.25437	0.99997	-0.00777	-0.00105	0.00778	0.99994	0.00735	0.001	-0.00736	0.99997
1020.82162	-14.58495	303.29287	0.99997	-0.00778	-0.00112	0.00779	0.99994	0.0074	0.00106	-0.00741	0.99997
1020.83793	-14.56871	303.27294	0.99997	-0.00767	-0.0011	0.00768	0.99994	0.00739	0.00105	-0.0074	0.99997
1020.83501	-14.57119	303.27954	0.99997	-0.00766	-0.00109	0.00767	0.99994	0.00738	0.00104	-0.00739	0.99997
1020.83547	-14.57991	303.27072	0.99997	-0.0077	-0.00122	0.00771	0.99994	0.00734	0.00117	-0.00735	0.99997
1020.85159	-14.57411	303.28147	0.99997	-0.0076	-0.0013	0.00761	0.99994	0.00737	0.00124	-0.00738	0.99997
1020.85539	-14.58958	303.29183	0.99997	-0.00768	-0.00131	0.00769	0.99994	0.00743	0.00125	-0.00744	0.99997
1020.85101	-14.60597	303.27545	0.99997	-0.00752	-0.00117	0.00753	0.99994	0.00742	0.00111	-0.00743	0.99997
1020.8506	-14.59708	303.28022	0.99997	-0.00743	-0.00116	0.00743	0.99994	0.00748	0.00111	-0.00749	0.99997
1020.85148	-14.59562	303.27125	0.99997	-0.00749	-0.00099	0.0075	0.99994	0.00735	0.00093	-0.00736	0.99997
1020.85496	-14.58589	303.29381	0.99997	-0.00735	-0.00108	0.00735	0.99995	0.0073	0.00103	-0.0073	0.99997
1020.84233	-14.58834	303.28478	0.99997	-0.00729	-0.00101	0.0073	0.99995	0.00719	0.00096	-0.0072	0.99997
1020.83343	-14.57111	303.31103	0.99997	-0.00719	-0.00093	0.00719	0.99995	0.00733	0.00088	-0.00734	0.99997
1020.83658	-14.56035	303.33513	0.99997	-0.00709	-0.00092	0.0071	0.99995	0.00715	0.00087	-0.00716	0.99997
1020.82455	-14.53173	303.31506	0.99998	-0.007	-0.00083	0.00701	0.99995	0.00723	0.00078	-0.00723	0.99997
1020.79305	-14.52747	303.35115	0.99998	-0.00688	-0.00048	0.00688	0.99995	0.00704	0.00043	-0.00704	0.99998
1020.7909	-14.51634	303.31145	0.99998	-0.00677	-0.00049	0.00677	0.99995	0.00701	0.00045	-0.00701	0.99998
1020.79095	-14.47386	303.3338	0.99998	-0.00687	-0.00049	0.00687	0.99995	0.00666	0.00045	-0.00666	0.99998
1020.77473	-14.43622	303.35204	0.99998	-0.00693	-0.00068	0.00693	0.99995	0.0066	0.00063	-0.0066	0.99998
1020.78408	-14.425	303.34515	0.99998	-0.00695	-0.00054	0.00695	0.99996	0.00636	0.0005	-0.00636	0.99998
1020.77819	-14.40636	303.36191	0.99998	-0.00691	-0.00042	0.00691	0.99996	0.00647	0.00037	-0.00647	0.99998
1020.7844	-14.41586	303.35762	0.99998	-0.00684	-0.00032	0.00685	0.99996	0.00651	0.00028	-0.00652	0.99998
1020.7803	-14.39731	303.38353	0.99998	-0.00685	-0.00027	0.00685	0.99996	0.00633	0.00022	-0.00633	0.99998
1020.76886	-14.41829	303.40156	0.99998	-0.00672	-0.00019	0.00672	0.99996	0.00631	0.00015	-0.00631	0.99998
1020.76641	-14.48416	303.41493	0.99998	-0.00663	-0.00017	0.00663	0.99996	0.00654	0.00013	-0.00654	0.99998
1020.7779	-14.53783	303.44578	0.99998	-0.00645	-0.00008	0.00645	0.99996	0.00644	0.00004	-0.00644	0.99998
1020.79959	-14.63891	303.46962	0.99998	-0.00627	-0.00008	0.00627	0.99996	0.00688	0.00003	-0.00688	0.99998
1020.87005	-14.69394	303.5028	0.99998	-0.00619	-0.00005	0.00619	0.99996	0.00693	0.00001	-0.00693	0.99998
1020.92967	-14.78233	303.56972	0.99998	-0.00617	-0.0005	0.00617	0.99995	0.00743	0.00046	-0.00743	0.99997
1021.03761	-14.89125	303.58176	0.99998	-0.00578	-0.0007	0.00578	0.99995	0.0078	0.00065	-0.0078	0.99997
1021.15986	-15.03043	303.64952	0.99998	-0.00559	-0.00104	0.0056	0.99995	0.00815	0.00099	-0.00815	0.99997
1021.29447	-15.22774	303.6703	0.99999	-0.00528	-0.00127	0.0053	0.99995	0.00887	0.00122	-0.00888	0.99996
1021.40464	-15.38814	303.74374	0.99999	-0.00493	-0.00183	0.00495	0.99994	0.00934	0.00179	-0.00935	0.99995
1021.54073	-15.52967	303.82636	0.99999	-0.00477	-0.00214	0.00479	0.99994	0.00992	0.00209	-0.00993	0.99995
1021.68871	-15.71593	303.88215	0.99999	-0.00449	-0.0024	0.00451	0.99993	0.01063	0.00235	-0.01064	0.99994
1021.8619	-15.89085	303.93963	0.99999	-0.00413	-0.00291	0.00417	0.99993	0.011	0.00287	-0.01101	0.99994
1022.00842	-16.0859	304.0262	0.99999	-0.00384	-0.00362	0.00388	0.99993	0.0114	0.00357	-0.01142	0.99993
1022.19161	-16.29869	304.08553	0.99999	-0.00327	-0.00423	0.00332	0.99992	0.01195	0.00419	-0.01197	0.99992
1022.369	-16.51658	304.14847	0.99999	-0.00259	-0.00457	0.00264	0.99992	0.01252	0.00454	-0.01253	0.99991
1022.5466	-16.79839	304.24989	0.99999	-0.00193	-0.0048	0.002	0.99991	0.01361	0.00477	-0.01362	0.9999
1022.74655	-17.08306	304.4037	0.99999	-0.00112	-0.00472	0.00119	0.9999	0.01443	0.0047	-0.01444	0.99988
1022.96327	-17.44719	304.49495	0.99999	0.00001	-0.00499	0.00007	0.99988	0.01531	0.00499	-0.01531	0.99987
1023.1706	-17.77127	304.61639	0.99999	0.00116	-0.00504	-0.00108	0.99988	0.01576	0.00506	-0.01575	0.99986
1023.35673	-18.14268	304.64741	0.99998	0.00257	-0.00574	-0.00248	0.99986	0.01647	0.00578	-0.01646	0.99985
1023.63305	-18.56084	304.65409	0.99997	0.00409	-0.00671	-0.00397	0.99983	0.01822	0.00678	-0.01819	0.99981
1023.86275	-18.92306	304.83547	0.99996	0.00531	-0.00761	-0.00516	0.9998	0.01943	0.00771	-0.01939	0.99978
1024.10993	-19.30921	305.05544	0.99994	0.0064	-0.00864	-0.00621	0.99975	0.02163	0.00878	-0.02158	0.99973
1024.36103	-19.68784	305.24791	0.99993	0.00723	-0.00958	-0.007	0.9997	0.02368	0.00975	-0.02361	0.99967
1024.57387	-20.04597	305.36022	0.99992	0.0081	-0.01001	-0.00785	0.99966	0.02501	0.01021	-0.02493	0.99964
1024.82757	-20.43528	305.45974	0.99991	0.00907	-0.01027	-0.0088	0.99963	0.02593	0.0105	-0.02583	0.99961
1025.02508	-20.79534	305.55342	0.9999	0.00986	-0.01024	-0.00958	0.99961	0.02623	0.01049	-0.02612	0.9996
1025.23388	-21.14523	305.63462	0.99989	0.0105	-0.01006	-0.01022	0.99959	0.02688	0.01034	-0.02677	0.99959
1025.42555	-21.41757	305.74706	0.99988	0.01097	-0.01058	-0.01067	0.99956	0.02784	0.01088	-0.02772	0.99956
1025.61104	-21.68821	305.92079	0.99987	0.01133	-0.01154	-0.01099	0.99952	0.02907	0.01187	-0.02894	0.99951
1025.79334	-21.89814	306.10529	0.99986	0.01174	-0.01219	-0.01137	0.99948	0.03025	0.01254	-0.0301	0.99947
1025.93662	-22.10171	306.29482	0.99985	0.01218	-0.01257	-0.01179	0.99945	0.031	0.01294	-0.03085	0.99944
1026.00971	-22.25481	306.45463	0.99985	0.01263	-0.01187	-0.01225	0.99944	0.031	0.01226	-0.03085	0.99945
1026.09238	-22.37714	306.59162	0.99986	0.01294	-0.01045	-0.01261	0.99945	0.03052	0.01084	-0.03038	0.99948
1026.15425	-22.42257	306.77551	0.99987	0.01321	-0.0089	-0.01295	0.99949	0.02931	0.00928	-0.02919	0.99953
1026.19524	-22.46826	306.94121	0.99988	0.01382	-0.0072	-0.01361	0.9995	0.02843	0.00759	-0.02833	0.99957
1026.14737	-22.38517	307.1406	0.99988	0.01409	-0.00587	-0.01392	0.99952	0.02783	0.00626	-0.02775	0.9996
1026.09866	-22.27561	307.29727	0.99988	0.01454	-0.0044	-0.01441	0.99953	0.02688	0.00479	-0.02681	0.99963
1026.04803	-22.15497	307.43899	0.99989	0.01478	-0.00288	-0.0147	0.99955	0.02609	0.00327	-0.02605	0.99966
1025.9423	-21.9516	307.51997	0.99989	0.0148	-0.00102	-0.01477	0.99958	0.02502	0.00139	-0.025	0.99969
1025.83805	-21.70118	307.54213	0.99989	0.01465	0.00117	-0.01468	0.99961	0.02376	-0.00082	-0.02377	0.99972
1025.70406	-21.37543	307.6351	0.99989	0.01438	0.00333	-0.01445	0.99965	0.02202	-0.00302	-0.02206	0.99975
1025.53119	-21.03694	307.72126	0.99989	0.01383	0.00565	-0.01393	0.99971	0.01956	-0.00538	-0.01963	0.99979
1025.28652	-20.69012	307.80572	0.99988	0.0134	0.00768	-0.01354	0.99976	0.01749	-0.00744	-0.01759	0.99982
1025.03749	-20.20712	307.88819	0.99987	0.01299	0.00961	-0.01313	0.9998	0.01506	-0.00941	-0.01519	0.99984
1024.68278	-19.66279	308.09264	0.99985	0.01258	0.01182	-0.01273	0.99984	0.01223	-0.01166	-0.01237	0.99986
1024.31367	-19.15026	308.15292	0.99983	0.01219	0.0141	-0.01233	0.99988	0.00983	-0.01398	-0.01	0.99985
1023.851	-18.58545	308.0973	0.99978	0.01185	0.01732	-0.01198	0.9999	0.00743	-0.01723	-0.00764	0.99982
1023.46746	-18.06923	308.1474	0.99973	0.01152	0.02022	-0.01163	0.99992	0.00524	-0.02015	-0.00548	0.99978
1023.03368	-17.48106	308.29837	0.99968	0.01089	0.02296	-0.01096	0.99994	0.00294	-0.02292	-0.00319	0.99973
1022.62811	-16.87255	308.44223	0.99962	0.00998	0.02584	-0.00999	0.99995	0.00035	-0.02583	-0.00061	0.99967
1022.18178	-16.21233	308.58011	0.99956	0.00904	0.02809	-0.00898	0.99996	-0.00234	-0.02811	0.00208	0.9996
1021.84124	-15.50929	308.85606	0.99956	0.00794	0.02857	-0.00779	0.99996	-0.0052	-0.02861	0.00498	0.99958
1021.40303	-14.79405	309.09991	0.99953	0.00686	0.02978	-0.00663	0.99995	-0.00796	-0.02983	0.00776	0.99952
1021.00318	-14.04906	309.47827	0.9995	0.00599	0.03106	-0.00565	0.99992	-0.01111	-0.03112	0.01093	0.99946
1020.59819	-13.35538	309.78806	0.99944	0.00538	0.03288	-0.00491	0.99988	-0.01439	-0.03296	0.01422	0.99936
1020.17283	-12.62188	310.08006	0.9994	0.00456	0.03426	-0.00395	0.99983	-0.01776	-0.03433	0.01762	0.99926
1019.7549	-11.94044	310.35393	0.9994	0.00327	0.03442	-0.00253	0.99977	-0.02133	-0.03448	0.02123	0.99918
1019.3502	-11.2348	310.79788	0.99945	0.00208	0.03298	-0.00126	0.99969	-0.02483	-0.03302	0.02477	0.99915
1018.98427	-10.57191	311.13275	0.99951	0.00084	0.03137	0.00003	0.99961	-0.02801	-0.03138	0.028	0.99912
1018.51987	-9.77407	311.6019	0.99957	-0.00043	0.02936	0.00135	0.99952	-0.03109	-0.02933	0.03112	0.99909
1018.12487	-9.11865	312.04498	0.9996	-0.00125	0.02813	0.00221	0.99941	-0.03419	-0.02807	0.03424	0.99902
1017.80113	-8.52928	312.48603	0.99962	-0.00127	0.02757	0.00231	0.99929	-0.03763	-0.0275	0.03768	0.99891
1017.44075	-7.92997	312.89308	0.99964	-0.00112	0.02685	0.00223	0.99915	-0.04128	-0.02678	0.04132	0.99879
1017.16404	-7.39038	313.26818	0.99965	-0.00067	0.02632	0.00185	0.999	-0.04468	-0.02627	0.04472	0.99865
1016.94588	-6.89338	313.66869	0.99966	0.00026	0.02595	0.001	0.99882	-0.04853	-0.02593	0.04854	0.99848
1016.78093	-6.43132	314.13183	0.99969	0.00114	0.025	0.00015	0.99867	-0.05152	-0.02503	0.05151	0.99836
1016.67297	-6.00055	314.66892	0.99972	0.00154	0.02347	-0.00028	0.99856	-0.05362	-0.02352	0.0536	0.99829
1016.65755	-5.71729	315.17518	0.99975	0.00194	0.02227	-0.00071	0.99847	-0.05532	-0.02235	0.05529	0.99822
1016.73682	-5.45005	315.57016	0.99977	0.00232	0.02119	-0.00111	0.99837	-0.057	-0.02129	0.05697	0.99815
1016.8926	-5.179	315.94287	0.9998	0.00248	0.01972	-0.00131	0.99825	-0.05911	-0.01983	0.05908	0.99806
1017.14345	-5.00614	316.24769	0.99984	0.00248	0.01797	-0.00138	0.99813	-0.06104	-0.01808	0.061	0.99797
1017.5111	-4.86644	316.51425	0.99986	0.00241	0.01625	-0.00138	0.99801	-0.06304	-0.01637	0.06301	0.99788
1017.96648	-4.75805	316.87613	0.9999	0.00283	0.01414	-0.00191	0.99793	-0.06423	-0.01429	0.0642	0.99783
1018.5018	-4.69473	317.24288	0.99993	0.00313	0.01136	-0.00238	0.99788	-0.06502	-0.01153	0.06499	0.99782
1019.11092	-4.6993	317.59309	0.99996	0.0037	0.00858	-0.00313	0.99786	-0.06537	-0.0088	0.06535	0.99782
1019.80795	-4.73499	317.82643	0.99997	0.00411	0.00611	-0.0037	0.99782	-0.06586	-0.00637	0.06584	0.99781
1020.58802	-4.88868	318.08727	0.99998	0.00488	0.00354	-0.00463	0.99778	-0.06639	-0.00386	0.06637	0.99779
1021.46117	-5.03678	318.33242	0.99999	0.00538	0.00062	-0.00533	0.99773	-0.06715	-0.00098	0.06715	0.99774
1022.38174	-5.14999	318.66964	0.99998	0.00608	-0.00291	-0.00627	0.99769	-0.06762	0.0025	0.06764	0.99771
1023.42724	-5.32468	319.02279	0.99995	0.00719	-0.00665	-0.00763	0.99771	-0.06724	0.00615	0.06729	0.99771
1024.51484	-5.56959	319.47666	0.9999	0.00823	-0.01129	-0.00897	0.99773	-0.06672	0.01072	0.06682	0.99771
1025.70612	-5.85475	319.95562	0.99982	0.00955	-0.01631	-0.01059	0.99782	-0.06521	0.01565	0.06537	0.99774
1026.93707	-6.16886	320.41055	0.99971	0.0112	-0.02115	-0.01253	0.99788	-0.06383	0.02039	0.06407	0.99774
1028.18959	-6.49331	320.85776	0.99957	0.01243	-0.02661	-0.01408	0.99792	-0.06286	0.02577	0.0632	0.99767
1029.52718	-6.81768	321.33895	0.99941	0.01369	-0.03166	-0.01561	0.998	-0.06128	0.03075	0.06174	0.99762
1030.8914	-7.09391	321.90435	0.99919	0.01482	-0.03735	-0.01705	0.99805	-0.06012	0.03639	0.06071	0.99749
1032.26803	-7.41224	322.45913	0.99896	0.01593	-0.04267	-0.01843	0.9981	-0.05879	0.04165	0.05952	0.99736
1033.70531	-7.64461	323.11016	0.99869	0.01662	-0.04844	-0.01937	0.99819	-0.05697	0.0474	0.05784	0.9972
1035.13364	-7.96111	323.69582	0.99843	0.01775	-0.05304	-0.02068	0.99826	-0.05519	0.05197	0.0562	0.99707
1036.56933	-8.23043	324.26028	0.9982	0.01852	-0.05702	-0.02158	0.99834	-0.05339	0.05594	0.05453	0.99694
1038.01776	-8.40801	324.87848	0.99797	0.01963	-0.06063	-0.0228	0.99839	-0.05202	0.05951	0.0533	0.9968
1039.40404	-8.56462	325.5385	0.99777	0.02046	-0.06347	-0.02369	0.99844	-0.05051	0.06234	0.0519	0.9967
1040.82985	-8.68261	326.18264	0.99759	0.02125	-0.06598	-0.02452	0.99849	-0.0491	0.06483	0.0506	0.99661
1042.22621	-8.85196	326.91059	0.99738	0.0221	-0.06886	-0.02543	0.99853	-0.0478	0.0677	0.04942	0.99648
1043.58696	-8.92336	327.61296	0.99721	0.02306	-0.07095	-0.0264	0.99857	-0.04645	0.06977	0.0482	0.9964
1044.92002	-8.96525	328.40394	0.99701	0.02422	-0.07337	-0.02758	0.9986	-0.04523	0.07217	0.04711	0.99628
1046.23629	-8.96585	329.19589	0.9968	0.02565	-0.07565	-0.02905	0.9986	-0.04418	0.07442	0.04623	0.99616
1047.494	-8.99394	330.07494	0.99663	0.02733	-0.07731	-0.03075	0.99858	-0.04341	0.07602	0.04564	0.99606
1048.68658	-8.95051	330.83678	0.9965	0.02939	-0.07829	-0.03276	0.99857	-0.04219	0.07694	0.04461	0.99604
1049.84855	-8.96692	331.65186	0.99634	0.03136	-0.07952	-0.03474	0.99854	-0.04141	0.07811	0.04402	0.99597
1050.90935	-8.94452	332.41648	0.99618	0.03298	-0.0808	-0.03636	0.99851	-0.04073	0.07933	0.04352	0.9959
1051.97057	-8.9198	333.22656	0.99604	0.0346	-0.08195	-0.038	0.99846	-0.04037	0.08043	0.04332	0.99582
1052.96573	-8.86579	334.05408	0.99589	0.0361	-0.08308	-0.0395	0.99843	-0.03975	0.08152	0.04287	0.99575
1053.87524	-8.82356	334.88902	0.99576	0.03735	-0.08402	-0.04079	0.99838	-0.03964	0.0824	0.0429	0.99568
1054.78842	-8.73652	335.69799	0.99566	0.03823	-0.08487	-0.04169	0.99836	-0.03931	0.08323	0.04268	0.99562
1055.62465	-8.7056	336.60295	0.99556	0.03904	-0.08561	-0.04252	0.99833	-0.03918	0.08394	0.04265	0.99556
1056.42375	-8.66601	337.37491	0.99548	0.04008	-0.08611	-0.0436	0.99827	-0.03942	0.08438	0.043	0.99551
1057.15906	-8.59548	338.16956	0.99533	0.04083	-0.08742	-0.04443	0.99822	-0.03966	0.08565	0.04336	0.99538
1057.84271	-8.54199	338.94179	0.99515	0.04176	-0.08907	-0.04546	0.99817	-0.03996	0.08724	0.04381	0.99522
1058.52355	-8.51429	339.65263	0.99494	0.04279	-0.09088	-0.04663	0.99809	-0.04051	0.08897	0.04454	0.99504
1059.14564	-8.46732	340.40142	0.99478	0.04367	-0.09222	-0.04763	0.99802	-0.0412	0.09023	0.04537	0.99489
1059.77359	-8.44938	341.1782	0.99455	0.04478	-0.0942	-0.04894	0.99791	-0.04231	0.0921	0.04669	0.99465
1060.31514	-8.39093	341.89945	0.9944	0.04564	-0.09535	-0.0499	0.99783	-0.04286	0.09318	0.04737	0.99452
1060.83389	-8.35617	342.68582	0.99424	0.04661	-0.09647	-0.05091	0.99779	-0.04269	0.09427	0.04735	0.99442
1061.31921	-8.29033	343.55094	0.9941	0.04744	-0.09757	-0.05187	0.99771	-0.04342	0.09528	0.04822	0.99428
1061.80485	-8.18358	344.31606	0.99396	0.04788	-0.09871	-0.05253	0.9976	-0.04506	0.09631	0.04997	0.9941
1062.28143	-8.18829	345.08118	0.99377	0.04763	-0.10076	-0.05254	0.99753	-0.04666	0.09829	0.05167	0.99382
1062.75862	-8.13773	345.77281	0.99356	0.04743	-0.1029	-0.05259	0.99746	-0.04812	0.10035	0.05322	0.99353
1063.19484	-8.03896	346.49322	0.9933	0.04736	-0.1054	-0.0528	0.99738	-0.04938	0.10279	0.05461	0.9932
1063.6375	-7.9955	347.32636	0.99306	0.04753	-0.10755	-0.05315	0.99733	-0.05	0.10489	0.05537	0.99294
1064.09233	-7.92017	348.18657	0.99282	0.04807	-0.10953	-0.0538	0.9973	-0.04996	0.10684	0.0555	0.99273
1064.51982	-7.8306	349.09175	0.99257	0.04878	-0.11144	-0.05466	0.99723	-0.05038	0.10867	0.0561	0.99249
1064.92699	-7.75053	349.95449	0.99238	0.04986	-0.11272	-0.05596	0.9971	-0.05162	0.10982	0.05753	0.99229
1065.30163	-7.69395	350.7689	0.99216	0.05042	-0.11431	-0.05674	0.997	-0.05269	0.11131	0.05876	0.99205
1065.67247	-7.62293	351.55424	0.99203	0.05091	-0.11529	-0.05741	0.9969	-0.05378	0.1122	0.05997	0.99187
1066.06243	-7.53231	352.36029	0.99189	0.05126	-0.11634	-0.05787	0.99685	-0.05424	0.11319	0.06053	0.99173
1066.43372	-7.41988	353.29599	0.99179	0.05138	-0.1171	-0.05807	0.99683	-0.05445	0.11394	0.0608	0.99163
1066.80679	-7.30537	354.27676	0.99171	0.05175	-0.11759	-0.05845	0.99681	-0.05429	0.11441	0.06071	0.99158
1067.1213	-7.12669	355.23891	0.99171	0.05185	-0.11756	-0.05857	0.9968	-0.05445	0.11436	0.06088	0.99157
1067.38404	-6.96099	356.06623	0.99172	0.05177	-0.11756	-0.05868	0.9967	-0.05614	0.11426	0.06257	0.99148
1067.60993	-6.79573	356.83544	0.99174	0.05191	-0.11727	-0.05905	0.99655	-0.05829	0.11384	0.06474	0.99139
1067.79086	-6.55992	357.63271	0.99178	0.05167	-0.11707	-0.05907	0.99641	-0.06061	0.11352	0.06703	0.99127
1067.95087	-6.35327	358.47275	0.99186	0.05147	-0.11651	-0.05899	0.99633	-0.06207	0.11288	0.06844	0.99125
1068.11825	-6.1315	359.45701	0.99192	0.05132	-0.11606	-0.05889	0.99629	-0.06276	0.11241	0.06909	0.99126
1068.24162	-5.84097	360.37468	0.99194	0.05101	-0.11596	-0.05869	0.99623	-0.06382	0.11227	0.07011	0.9912
1068.41097	-5.63586	361.30243	0.99198	0.05079	-0.11572	-0.05868	0.9961	-0.06583	0.11192	0.0721	0.9911
1068.53322	-5.35067	362.15691	0.99211	0.05061	-0.11473	-0.05871	0.99593	-0.0684	0.11081	0.07459	0.99104
1068.60992	-5.10693	362.99731	0.99224	0.05017	-0.11378	-0.05851	0.99574	-0.07124	0.10972	0.07735	0.99095
1068.72881	-4.89196	363.88732	0.99232	0.04954	-0.11334	-0.05811	0.99559	-0.07367	0.10919	0.07969	0.99082
1068.8367	-4.61985	364.8564	0.99237	0.04851	-0.11332	-0.0573	0.99549	-0.07566	0.10914	0.08158	0.99067
1068.97668	-4.38747	365.84375	0.99233	0.04731	-0.11421	-0.05629	0.99547	-0.07668	0.11007	0.08252	0.99049
1069.14052	-4.2214	366.87651	0.99224	0.04586	-0.11555	-0.0551	0.99542	-0.0781	0.11144	0.08386	0.99023
1069.27455	-4.02577	367.861	0.99215	0.04414	-0.11703	-0.05377	0.99531	-0.08041	0.11293	0.08607	0.98987
1069.42224	-3.8483	368.78399	0.99215	0.04244	-0.1176	-0.05244	0.99514	-0.08332	0.11349	0.08883	0.98956
1069.59776	-3.7626	369.75057	0.99211	0.04075	-0.11854	-0.05116	0.99497	-0.08614	0.11444	0.09152	0.98921
1069.80038	-3.66019	370.82532	0.99204	0.03896	-0.11974	-0.04978	0.99481	-0.08874	0.11566	0.094	0.98883
1070.06011	-3.59002	371.8778	0.99187	0.03722	-0.12169	-0.04839	0.99475	-0.09018	0.11769	0.09533	0.98846
1070.328	-3.61296	372.98319	0.99164	0.03523	-0.12411	-0.04669	0.99478	-0.09072	0.12027	0.09575	0.98811
1070.65911	-3.63347	374.09072	0.99139	0.03344	-0.12659	-0.0452	0.9948	-0.09123	0.12288	0.09617	0.98775
1071.06829	-3.68525	375.21684	0.99106	0.03184	-0.12954	-0.0441	0.9947	-0.09292	0.12589	0.0978	0.98721
1071.46232	-3.73201	376.33408	0.99064	0.03065	-0.13302	-0.04349	0.99455	-0.09471	0.1294	0.09961	0.98658
1071.90714	-3.7961	377.43026	0.9902	0.02957	-0.13653	-0.04304	0.99437	-0.0968	0.1329	0.10172	0.9859
1072.43175	-3.76206	378.51486	0.9896	0.02889	-0.14089	-0.04314	0.99414	-0.09914	0.1372	0.10418	0.98505
1073.01381	-3.74718	379.77619	0.98897	0.0284	-0.14536	-0.0434	0.99393	-0.10107	0.14161	0.10627	0.9842
1073.65995	-3.72289	381.09173	0.98818	0.02823	-0.15065	-0.04401	0.99376	-0.10247	0.14682	0.10789	0.98326
1074.32824	-3.58828	382.45999	0.98743	0.02839	-0.1555	-0.04501	0.99351	-0.10443	0.15152	0.11012	0.9823
1074.97851	-3.40899	383.89041	0.9866	0.0289	-0.16058	-0.04649	0.99319	-0.10685	0.1564	0.11288	0.98122
1075.6849	-3.2057	385.34521	0.98579	0.02928	-0.16541	-0.0479	0.99281	-0.10973	0.16101	0.11609	0.9801
1076.37852	-3.00393	386.91707	0.98503	0.02919	-0.16988	-0.04888	0.9924	-0.11292	0.16529	0.11953	0.97897
1077.07412	-2.71454	388.49888	0.98439	0.02901	-0.17361	-0.04965	0.99204	-0.11574	0.16887	0.12256	0.97799
1077.83394	-2.45394	390.21309	0.98365	0.0281	-0.17786	-0.04974	0.99172	-0.11839	0.17306	0.12531	0.97691
1078.60004	-2.07895	392.10189	0.98308	0.02701	-0.18115	-0.04948	0.99145	-0.12073	0.17634	0.12765	0.97602
1079.36609	-1.68258	393.95809	0.98249	0.02575	-0.18451	-0.04911	0.99116	-0.12321	0.17971	0.13012	0.97508
1080.10565	-1.31123	395.8943	0.98196	0.02448	-0.18749	-0.04863	0.99093	-0.12528	0.18273	0.13213	0.97424
1080.86136	-0.94465	397.83971	0.98146	0.02368	-0.19019	-0.04856	0.99068	-0.12725	0.18541	0.13413	0.97347
1081.58814	-0.61879	399.72021	0.98117	0.02284	-0.19178	-0.04829	0.99046	-0.12909	0.187	0.13592	0.97291
1082.31515	-0.24464	401.72373	0.98104	0.02251	-0.19251	-0.04824	0.99034	-0.13002	0.18773	0.13684	0.97264
1082.90254	0.12202	403.68827	0.98119	0.02239	-0.19172	-0.04816	0.99023	-0.13084	0.18692	0.13761	0.97269
1083.49086	0.43503	405.66552	0.98157	0.02268	-0.18974	-0.04839	0.99007	-0.13199	0.18487	0.13874	0.97292
1084.00631	0.78982	407.58554	0.98198	0.02301	-0.18757	-0.04855	0.98996	-0.13276	0.18263	0.13948	0.97324
1084.46322	1.04325	409.46953	0.98232	0.02311	-0.18579	-0.04859	0.98982	-0.1338	0.18081	0.14046	0.97344
1084.85496	1.37579	411.29214	0.98251	0.02326	-0.18477	-0.04875	0.98969	-0.13464	0.17973	0.14129	0.97352
1085.19441	1.70173	413.13566	0.9826	0.0233	-0.18428	-0.04882	0.98961	-0.13522	0.17922	0.14187	0.97353
1085.49134	1.89939	415.03783	0.98277	0.02362	-0.18332	-0.04904	0.98957	-0.13541	0.17821	0.14207	0.97368
1085.76929	2.11477	416.70041	0.98324	0.02366	-0.18078	-0.049	0.98935	-0.13705	0.17561	0.14361	0.97393
1085.87022	2.25053	418.42478	0.98385	0.02427	-0.17734	-0.0492	0.98928	-0.13752	0.1721	0.14403	0.97449
1085.9539	2.33801	420.00867	0.98447	0.02466	-0.17381	-0.04932	0.98906	-0.13902	0.16848	0.14543	0.97492
1086.00544	2.40447	421.61114	0.98508	0.02444	-0.17034	-0.04876	0.98893	-0.14013	0.16503	0.14635	0.97537
1085.99368	2.41956	423.04904	0.98555	0.0238	-0.16772	-0.04782	0.9889	-0.14068	0.16251	0.14667	0.97574
1086.00222	2.36219	424.50284	0.98605	0.02289	-0.16489	-0.04651	0.98894	-0.14084	0.15984	0.14654	0.97621
1085.89666	2.30077	426.02692	0.98666	0.02171	-0.16135	-0.04486	0.98896	-0.14126	0.1565	0.14662	0.97673
1085.7885	2.10694	427.45234	0.98739	0.02019	-0.15703	-0.04267	0.98907	-0.14114	0.15247	0.14606	0.97746
1085.55196	1.90107	428.79011	0.98821	0.01837	-0.15202	-0.04016	0.98912	-0.14155	0.14777	0.14599	0.97819
1085.27569	1.57311	430.02538	0.9891	0.0163	-0.14633	-0.03717	0.98931	-0.141	0.14247	0.1449	0.97914
1084.81812	1.28561	431.30473	0.99001	0.01417	-0.14029	-0.03399	0.98958	-0.13993	0.13684	0.1433	0.98017
1084.31416	0.95151	432.59203	0.99097	0.01212	-0.13356	-0.03071	0.98995	-0.13802	0.13054	0.14088	0.98138
1083.71263	0.55151	433.86782	0.99193	0.01042	-0.12636	-0.02768	0.99037	-0.13565	0.12374	0.13805	0.98267
1083.00382	0.13763	435.0688	0.99289	0.0088	-0.11868	-0.02465	0.99085	-0.13271	0.11642	0.13469	0.98402
1082.14351	-0.24689	436.30377	0.99383	0.00759	-0.11062	-0.02204	0.99127	-0.12999	0.10866	0.13163	0.98533
1081.25156	-0.64515	437.44128	0.99469	0.00664	-0.10274	-0.01984	0.99157	-0.12803	0.10103	0.12939	0.98643
1080.28142	-1.08057	438.66512	0.99546	0.00558	-0.09504	-0.0176	0.99186	-0.12608	0.09357	0.12718	0.98746
1079.24909	-1.47055	439.94658	0.99618	0.00483	-0.08723	-0.01568	0.99215	-0.12406	0.08594	0.12496	0.98843
1078.19837	-1.90065	441.30063	0.99685	0.00401	-0.07921	-0.0137	0.99242	-0.12213	0.07811	0.12283	0.98935
1077.01794	-2.2474	442.67784	0.99748	0.00336	-0.07081	-0.01187	0.99269	-0.12007	0.06989	0.1206	0.99024
1075.82612	-2.71535	443.99934	0.99805	0.00282	-0.06228	-0.01018	0.99294	-0.11818	0.06151	0.11858	0.99104
1074.64981	-3.1711	445.16343	0.9985	0.00213	-0.05465	-0.00852	0.99311	-0.11687	0.05402	0.11716	0.99164
1073.41053	-3.63561	446.41706	0.99881	0.0019	-0.04879	-0.00754	0.99326	-0.1157	0.04824	0.11593	0.99209
1072.23729	-4.14584	447.74403	0.99905	0.00199	-0.04365	-0.007	0.99335	-0.11496	0.04313	0.11515	0.99241
1070.99875	-4.69091	449.16601	0.99925	0.00276	-0.0386	-0.00717	0.99341	-0.11442	0.03803	0.11461	0.99268
1069.85521	-5.28665	450.6241	0.99942	0.00485	-0.0338	-0.00867	0.99344	-0.11405	0.03302	0.11428	0.9929
1068.70158	-5.89012	451.9799	0.99955	0.0075	-0.02913	-0.01076	0.99347	-0.1136	0.02809	0.11386	0.9931
1067.61432	-6.58367	453.27276	0.99961	0.0114	-0.02538	-0.01422	0.99341	-0.11376	0.02392	0.11408	0.99318
1066.5339	-7.27735	454.61417	0.9996	0.0165	-0.02297	-0.01901	0.99335	-0.11359	0.02094	0.11398	0.99326
1065.53665	-8.04573	456.19626	0.99955	0.02184	-0.02051	-0.02404	0.99324	-0.1136	0.01789	0.11404	0.99331
1064.60731	-8.81815	457.90838	0.99947	0.0273	-0.0178	-0.02914	0.99319	-0.11284	0.0146	0.1133	0.99345
1063.77029	-9.68589	459.66837	0.99934	0.03341	-0.01449	-0.03482	0.99314	-0.11166	0.01066	0.1121	0.99364
1063.08055	-10.58879	461.34392	0.99913	0.03999	-0.01194	-0.04106	0.99313	-0.10959	0.00748	0.10999	0.9939
1062.44189	-11.51711	462.99534	0.99878	0.04814	-0.01141	-0.04908	0.9931	-0.10654	0.0062	0.10697	0.99424
1061.83013	-12.42973	464.83038	0.99824	0.05791	-0.01304	-0.05895	0.99288	-0.10351	0.00696	0.1041	0.99454
1061.23991	-13.34106	466.98388	0.99749	0.06926	-0.0146	-0.07039	0.99227	-0.10218	0.00741	0.10295	0.99466
1060.6503	-14.15143	469.57389	0.99651	0.08215	-0.01506	-0.08326	0.99127	-0.10221	0.00653	0.10311	0.99465
1059.91874	-14.96787	472.32779	0.99537	0.09523	-0.01286	-0.09605	0.99001	-0.10326	0.0029	0.10402	0.99457
1059.27863	-15.89605	475.00414	0.99422	0.10669	-0.01165	-0.10733	0.9888	-0.10369	0.00046	0.10434	0.99454
1058.63328	-16.90884	477.52591	0.99318	0.1159	-0.01301	-0.11663	0.98765	-0.1046	0.00073	0.10541	0.99443
1058.28231	-17.78413	480.28506	0.99249	0.12114	-0.01698	-0.12226	0.987	-0.10428	0.00413	0.10557	0.9944
1058.04875	-18.64513	483.3036	0.99212	0.12317	-0.0228	-0.12488	0.98678	-0.10332	0.00977	0.10536	0.99439
1058.04497	-19.38654	486.56761	0.99209	0.12221	-0.02855	-0.12451	0.98696	-0.10198	0.01571	0.10473	0.99438
1058.24733	-19.87459	490.03294	0.99242	0.11832	-0.03308	-0.12105	0.98776	-0.09838	0.02104	0.10164	0.9946
1058.57444	-20.42719	493.59958	0.99294	0.11247	-0.03761	-0.11559	0.98876	-0.09483	0.02652	0.09851	0.99478
1058.9864	-20.92731	497.10046	0.99352	0.10531	-0.0427	-0.10886	0.98979	-0.09196	0.03258	0.09601	0.99485
1059.48414	-21.34837	500.61095	0.99392	0.09849	-0.0493	-0.10259	0.99072	-0.08917	0.04006	0.09368	0.9948
1060.03708	-21.78668	504.06824	0.99414	0.0922	-0.05637	-0.09689	0.99148	-0.08707	0.04786	0.09202	0.99461
1060.54976	-22.08564	507.64135	0.9942	0.08719	-0.06291	-0.09237	0.99211	-0.08473	0.05503	0.09005	0.99442
1061.06861	-22.40972	511.16304	0.99422	0.08356	-0.06738	-0.08905	0.99256	-0.08303	0.05994	0.08855	0.99427
1061.6191	-22.7172	514.54718	0.99427	0.08138	-0.06928	-0.08692	0.99292	-0.08102	0.06219	0.08658	0.9943
1062.22342	-22.95575	517.80506	0.99436	0.07999	-0.06962	-0.08543	0.9932	-0.07905	0.06282	0.08455	0.99444
1062.85472	-23.1696	520.92381	0.99437	0.0794	-0.07023	-0.08478	0.9934	-0.0772	0.06363	0.08272	0.99454
1063.51646	-23.30053	524.103	0.99433	0.07907	-0.07114	-0.08441	0.99357	-0.07549	0.06471	0.08107	0.99461
1064.21597	-23.31307	527.50453	0.9942	0.0791	-0.07286	-0.08449	0.99366	-0.07414	0.06654	0.07986	0.99458
1064.67945	-23.05001	531.04378	0.99444	0.07542	-0.07343	-0.08078	0.99405	-0.07302	0.06749	0.07854	0.99462
1065.07718	-22.60948	534.53984	0.99488	0.06991	-0.07299	-0.0752	0.99453	-0.0725	0.06752	0.07761	0.99469
1065.40253	-22.26929	537.87804	0.99527	0.06699	-0.07032	-0.07206	0.99478	-0.07223	0.06511	0.07696	0.99491
1065.62195	-21.699	541.07714	0.99577	0.06457	-0.0654	-0.06918	0.99509	-0.07083	0.06051	0.07505	0.99534
1065.87792	-21.10024	544.08122	0.99623	0.06287	-0.0597	-0.06704	0.99524	-0.0707	0.05497	0.07443	0.99571
1066.13172	-20.48558	547.17938	0.99661	0.06082	-0.05533	-0.0647	0.99536	-0.07123	0.05074	0.07456	0.99592
1066.40665	-19.6651	550.35476	0.99689	0.05842	-0.05291	-0.06218	0.99543	-0.07243	0.04843	0.0755	0.99597
1066.75064	-18.82348	553.85293	0.99713	0.0556	-0.05143	-0.05925	0.99562	-0.07238	0.04718	0.07522	0.99605
1067.07545	-17.88882	557.15069	0.99741	0.05258	-0.04912	-0.05601	0.99588	-0.07129	0.04517	0.07386	0.99625
1067.39176	-16.92177	560.41226	0.99772	0.0497	-0.04571	-0.05278	0.99622	-0.06901	0.04211	0.07126	0.99657
1067.69632	-15.85163	563.59888	0.99804	0.04648	-0.04188	-0.04921	0.99656	-0.0667	0.03864	0.06863	0.99689
1068.04945	-14.80038	566.77062	0.99833	0.04317	-0.03835	-0.04564	0.99679	-0.06583	0.03538	0.06747	0.99709
1068.33204	-13.67645	570.15865	0.99853	0.04038	-0.03611	-0.04272	0.99686	-0.06666	0.0333	0.0681	0.99712
1068.63956	-12.42611	573.49927	0.99868	0.03757	-0.03497	-0.03992	0.9968	-0.06924	0.03225	0.07054	0.99699
1068.92873	-11.17373	576.76696	0.99876	0.03556	-0.03473	-0.03802	0.99661	-0.07296	0.03202	0.07419	0.99673
1069.26552	-9.95293	579.96601	0.99883	0.03355	-0.0349	-0.03612	0.99647	-0.07576	0.03223	0.07694	0.99651
1069.61497	-8.63237	583.1588	0.99888	0.03199	-0.03498	-0.03462	0.99641	-0.07727	0.03238	0.07839	0.9964
1070.0015	-7.37633	586.47187	0.99894	0.03042	-0.03469	-0.03303	0.99645	-0.07746	0.03221	0.07852	0.99639
1070.35815	-5.94707	589.96499	0.99896	0.02943	-0.03472	-0.03205	0.99646	-0.07771	0.03231	0.07875	0.99637
1070.71198	-4.64086	593.55577	0.99895	0.0282	-0.03599	-0.03097	0.9964	-0.07895	0.03363	0.07998	0.99623
1071.13531	-3.27995	597.00766	0.99889	0.02739	-0.03821	-0.03043	0.99622	-0.0814	0.03583	0.08247	0.99595
1071.45648	-1.91901	600.32629	0.99877	0.02666	-0.04169	-0.03013	0.99593	-0.08497	0.03925	0.08613	0.99551
1071.78485	-0.50539	603.57919	0.99859	0.02684	-0.04571	-0.0308	0.99562	-0.08829	0.04314	0.08957	0.99505
1072.08136	0.95203	606.95824	0.99837	0.02765	-0.04998	-0.03212	0.99534	-0.09096	0.04723	0.09242	0.9946
1072.38907	2.45633	610.56896	0.99816	0.02906	-0.05328	-0.03396	0.99504	-0.09351	0.0503	0.09514	0.99419
1072.63762	3.98483	614.38675	0.99796	0.03066	-0.05596	-0.03594	0.99473	-0.09597	0.05272	0.09779	0.99381
1072.95558	5.52101	618.03174	0.99781	0.03217	-0.05775	-0.03776	0.99443	-0.0984	0.05426	0.10037	0.99347
1073.2587	7.03953	621.51233	0.99768	0.03312	-0.05954	-0.03904	0.99411	-0.10112	0.05584	0.10321	0.99309
1073.54273	8.52746	624.88552	0.99752	0.03392	-0.06171	-0.04024	0.99373	-0.1043	0.05779	0.10653	0.99263
1073.84691	9.94668	628.2183	0.99729	0.03413	-0.06514	-0.04101	0.99337	-0.10736	0.06104	0.10974	0.99208
1074.10793	11.45778	631.616	0.99705	0.03419	-0.06868	-0.04155	0.99319	-0.10885	0.06449	0.11138	0.99168
1074.38381	12.90843	635.08975	0.9969	0.03405	-0.07088	-0.04171	0.99311	-0.10953	0.06666	0.11214	0.99145
1074.60622	14.34946	638.48372	0.99687	0.03364	-0.07155	-0.04144	0.99302	-0.11046	0.06733	0.11308	0.9913
1074.81266	15.69979	641.69985	0.99696	0.03304	-0.07056	-0.04079	0.99294	-0.11138	0.06639	0.11392	0.99127
1075.03223	17.00674	644.64215	0.99711	0.03168	-0.06909	-0.03935	0.99284	-0.11276	0.06503	0.11515	0.99122
1075.22417	18.32064	647.51785	0.99721	0.02969	-0.06846	-0.03744	0.99267	-0.11494	0.06455	0.11719	0.99101
1075.44541	19.67914	650.5609	0.99726	0.02769	-0.06859	-0.03561	0.99249	-0.11706	0.06483	0.11918	0.99075
1075.70109	20.95382	653.68905	0.99725	0.02533	-0.06971	-0.03363	0.99213	-0.12058	0.0661	0.1226	0.99025
1075.96271	22.18445	656.88297	0.99726	0.02289	-0.07028	-0.03153	0.99172	-0.1245	0.06685	0.12638	0.98973
1076.2858	23.3937	660.01093	0.99732	0.02022	-0.07031	-0.02923	0.99114	-0.12954	0.06707	0.13125	0.98908
1076.61027	24.46455	662.88201	0.9974	0.01754	-0.06993	-0.02685	0.99055	-0.1345	0.06691	0.13603	0.98844
1077.02381	25.49256	665.62128	0.99747	0.01451	-0.06961	-0.02411	0.98999	-0.13906	0.0669	0.14039	0.98783
1077.47659	26.42171	668.55002	0.99751	0.01146	-0.06964	-0.02129	0.98962	-0.14214	0.06729	0.14327	0.98739
1078.00939	27.42552	671.64652	0.99744	0.00838	-0.07101	-0.01856	0.98941	-0.14396	0.06905	0.14491	0.98703
1078.6351	28.29506	674.9123	0.99729	0.00574	-0.07328	-0.01643	0.98913	-0.1461	0.07164	0.14691	0.98655
1079.28488	29.13043	678.25254	0.9971	0.00357	-0.07595	-0.0148	0.98891	-0.1478	0.07458	0.1485	0.9861
1080.02457	29.96784	681.58737	0.99688	0.00197	-0.0789	-0.01387	0.98851	-0.15054	0.0777	0.15117	0.98545
1080.74922	30.65232	684.79104	0.99664	0.00129	-0.08188	-0.01381	0.98821	-0.15249	0.08072	0.15311	0.98491
1081.53486	31.22867	688.14489	0.99638	0.00133	-0.08503	-0.0144	0.98807	-0.15336	0.08381	0.15402	0.98451
1082.42186	31.79747	691.71787	0.99606	0.00205	-0.08868	-0.01563	0.98815	-0.15271	0.08732	0.1535	0.98428
1083.35064	32.33022	695.56963	0.99562	0.00294	-0.09346	-0.01707	0.98842	-0.15079	0.09193	0.15173	0.98414
1084.30293	32.8548	699.58561	0.99514	0.0037	-0.09844	-0.01836	0.98875	-0.14845	0.09678	0.14954	0.98401
1085.34409	33.37012	703.64581	0.99462	0.00449	-0.10348	-0.01968	0.98906	-0.14619	0.10169	0.14744	0.98383
1086.35936	33.81906	707.6155	0.9942	0.00506	-0.10745	-0.0207	0.98922	-0.14496	0.10556	0.14635	0.98359
1087.4496	34.24642	711.7587	0.99375	0.00534	-0.11146	-0.02145	0.98937	-0.14384	0.10951	0.14534	0.9833
1088.52808	34.61639	715.96672	0.99331	0.00573	-0.1153	-0.02228	0.98951	-0.14275	0.11327	0.14436	0.98302
1089.71368	35.18804	720.50268	0.99281	0.0059	-0.11959	-0.02293	0.98967	-0.14151	0.11752	0.14323	0.98269
1090.85621	35.78531	725.22981	0.99219	0.00607	-0.12462	-0.02357	0.98995	-0.13943	0.12252	0.14128	0.98236
1092.06493	36.43162	730.02505	0.99149	0.00598	-0.13002	-0.02406	0.99016	-0.13788	0.12791	0.13983	0.98188
1093.32776	37.03493	734.83411	0.99087	0.0054	-0.13473	-0.0241	0.9902	-0.13754	0.13267	0.13954	0.98129
1094.56568	37.67612	739.57819	0.99028	0.00496	-0.13898	-0.02433	0.99013	-0.13802	0.13693	0.14006	0.98063
1095.83841	38.38079	744.36921	0.98979	0.00445	-0.14246	-0.02448	0.98997	-0.13916	0.14042	0.14123	0.97997
1097.22274	39.05231	749.37647	0.98939	0.00449	-0.14523	-0.02531	0.98957	-0.14181	0.14308	0.14399	0.97918
1098.59702	39.77087	754.53902	0.98898	0.00429	-0.14797	-0.0258	0.98927	-0.14378	0.14576	0.14601	0.97849
1099.93768	40.59417	759.69031	0.98859	0.00416	-0.15059	-0.02638	0.98896	-0.14584	0.14832	0.14815	0.97778
1101.4038	41.41846	764.80562	0.98814	0.00453	-0.1535	-0.0274	0.98873	-0.1472	0.15111	0.14966	0.97712
1102.83765	42.17965	769.96586	0.9877	0.00527	-0.15629	-0.02868	0.98858	-0.14797	0.15372	0.15063	0.97657
1104.31461	42.99102	775.04985	0.98728	0.00608	-0.15887	-0.03012	0.98833	-0.14935	0.1561	0.15223	0.97594
1105.80558	43.7401	780.28985	0.98687	0.0076	-0.16132	-0.03218	0.98812	-0.1503	0.15827	0.15352	0.97539
1107.28605	44.49581	785.54512	0.98654	0.00879	-0.16329	-0.0339	0.98786	-0.1516	0.15997	0.15509	0.97486
1108.7385	45.35742	790.58907	0.98601	0.01096	-0.1663	-0.03674	0.98758	-0.15275	0.16256	0.15672	0.97417
1110.34407	45.96053	795.78039	0.9858	0.01245	-0.16745	-0.03857	0.98737	-0.15367	0.16342	0.15795	0.97383
1111.84119	46.59494	800.81361	0.98527	0.01421	-0.17039	-0.04083	0.98727	-0.15373	0.16603	0.15842	0.97331
1113.20234	47.19876	805.81385	0.98465	0.0165	-0.17374	-0.04374	0.98708	-0.15414	0.16895	0.15937	0.97265
1114.73504	47.84915	810.81681	0.9842	0.01791	-0.17615	-0.04553	0.98702	-0.15401	0.17111	0.1596	0.97224
1116.18851	48.43231	815.72608	0.98362	0.01953	-0.17919	-0.04763	0.98695	-0.15384	0.17385	0.15986	0.97171
1117.6785	49.03003	820.55991	0.98307	0.02086	-0.18204	-0.04939	0.98689	-0.15365	0.17645	0.16004	0.97121
1119.00378	49.67726	825.24607	0.98252	0.02258	-0.18476	-0.05182	0.98656	-0.15498	0.17878	0.16184	0.97049
1120.499	50.17224	829.96559	0.982	0.02375	-0.18739	-0.05343	0.98648	-0.15493	0.18118	0.16215	0.96999
1121.86477	50.75725	834.63582	0.98151	0.02513	-0.18978	-0.0553	0.98631	-0.15538	0.18327	0.163	0.96945
1123.19805	51.38044	839.2308	0.98114	0.02663	-0.19148	-0.05718	0.98612	-0.15585	0.18467	0.16386	0.96904
1124.3125	52.06441	843.66737	0.98072	0.02807	-0.19337	-0.05884	0.98611	-0.15531	0.18633	0.16369	0.96876
1125.76513	52.59107	848.39505	0.98076	0.02961	-0.19294	-0.06064	0.98574	-0.15696	0.18554	0.16564	0.96858
1126.73539	53.34362	852.597	0.98043	0.0306	-0.19448	-0.06207	0.98551	-0.15785	0.18683	0.16683	0.96812
1128.11504	53.77227	857.00225	0.98031	0.03059	-0.19507	-0.0623	0.98538	-0.15856	0.18736	0.16759	0.96789
1129.40286	54.3367	861.31348	0.98012	0.03072	-0.19604	-0.06307	0.98493	-0.16103	0.18814	0.17019	0.96728
1130.50507	54.92724	865.41919	0.98008	0.03072	-0.19621	-0.06362	0.98447	-0.16363	0.18814	0.17285	0.96681
1131.73104	55.47889	869.65759	0.97997	0.03086	-0.19673	-0.06419	0.98414	-0.16538	0.18851	0.17469	0.96641
1132.98402	55.96287	873.92895	0.98006	0.03143	-0.19619	-0.06493	0.98386	-0.16673	0.18779	0.17614	0.96629
1134.17816	56.47311	878.13395	0.98028	0.03181	-0.19505	-0.06529	0.98368	-0.16769	0.18653	0.17711	0.96635
1135.40393	56.93612	882.30813	0.98061	0.03232	-0.1933	-0.06565	0.9835	-0.16856	0.18466	0.17798	0.96655
1136.5722	57.37915	886.36954	0.98097	0.0324	-0.19145	-0.06556	0.98335	-0.1695	0.18277	0.17883	0.96675
1137.76478	57.72137	890.35044	0.9811	0.03207	-0.1908	-0.06545	0.98304	-0.17133	0.18207	0.18058	0.96656
1138.92756	58.13292	894.3546	0.98109	0.0315	-0.19096	-0.0651	0.98288	-0.17234	0.18226	0.18151	0.96635
1140.07073	58.49941	898.31706	0.98097	0.03093	-0.19169	-0.06464	0.98294	-0.17219	0.18309	0.1813	0.96623
1141.13265	58.87331	902.29157	0.98099	0.03008	-0.1917	-0.06395	0.98284	-0.17304	0.1832	0.18201	0.96608
1142.21601	59.16988	906.2775	0.98124	0.02907	-0.19059	-0.06282	0.98283	-0.17351	0.18228	0.18222	0.96621
1143.15561	59.45762	910.19724	0.98179	0.02785	-0.18791	-0.06132	0.9827	-0.17476	0.17979	0.1831	0.96651
1144.11872	59.75053	914.0243	0.98246	0.02616	-0.18464	-0.05937	0.98247	-0.17669	0.17678	0.18455	0.96679
1145.06125	59.99715	917.82394	0.9829	0.02366	-0.18262	-0.0568	0.9823	-0.17849	0.17516	0.18582	0.96685
1146.03505	60.18291	921.73995	0.98315	0.02083	-0.18161	-0.05406	0.98218	-0.17998	0.17462	0.18677	0.96676
1146.98935	60.42919	925.79182	0.98325	0.01806	-0.18138	-0.05137	0.98221	-0.18064	0.17488	0.18693	0.96668
1148.00228	60.58596	929.90695	0.98338	0.01512	-0.18096	-0.04836	0.98234	-0.18073	0.17503	0.18648	0.96674
1148.92474	60.74372	933.90749	0.98382	0.01276	-0.17873	-0.04561	0.98243	-0.18096	0.17328	0.18618	0.96712
1149.86013	60.87656	937.87282	0.98439	0.01087	-0.17566	-0.04318	0.98251	-0.18114	0.17061	0.1859	0.96764
1150.96068	60.80383	941.91349	0.9848	0.00939	-0.17343	-0.04112	0.98276	-0.18025	0.16874	0.18464	0.96821
1152.05115	60.75812	945.84544	0.98522	0.00751	-0.17113	-0.03861	0.98306	-0.17914	0.16688	0.1831	0.96883
1153.01157	60.65614	949.88567	0.98541	0.00671	-0.17004	-0.03731	0.98343	-0.1774	0.16603	0.18116	0.96934
1154.05119	60.41846	954.07716	0.98534	0.00574	-0.17052	-0.03588	0.98406	-0.17418	0.1668	0.17774	0.96984
1155.04196	60.15146	958.1313	0.98539	0.00535	-0.17025	-0.03488	0.98466	-0.17094	0.16673	0.17438	0.97046
1156.02452	59.76313	962.21687	0.98543	0.00527	-0.16997	-0.03413	0.98532	-0.1673	0.1666	0.17066	0.97114
1156.95982	59.28205	966.14328	0.98553	0.00534	-0.16941	-0.03361	0.98582	-0.16443	0.16612	0.16774	0.97173
1157.88126	58.67671	970.04259	0.98569	0.00617	-0.16847	-0.03368	0.98639	-0.16096	0.16518	0.16433	0.97248
