0	1021.51745	-14.03248	304.02964	0.73148	0.10008	-0.57421	1.35359	0.9999482562	0.01004316888	0.001618553825	-0.01002167205	0.9998680686	-0.0127832502	-0.001746724627	0.01276636813	0.999916981
0.01	1021.70195	-13.63571	303.82847	0.86281	0.08219	-0.50321	1.28545	0.9999604038	0.008803162721	0.001302017203	-0.008782549384	0.9998478645	-0.01507032244	-0.00143448562	0.01505829068	0.9998855885
0.02	1021.75282	-13.39927	303.65727	0.64264	0.07053	-0.48971	1.46711	0.9999627165	0.008560216317	0.001134995893	-0.008546941341	0.9999004577	-0.01122605953	-0.001230980411	0.01121594024	0.9999363417
0.03	1021.08828	-15.88692	304.40353	0.77342	0.09915	-0.50422	1.70905	0.9999597804	0.008822741649	0.001611480746	-0.008800172388	0.9998699692	-0.01351302014	-0.00173049309	0.01349829535	0.9999073964
0.04	1020.65513	-15.26853	304.27495	0.73099	0.09113	-0.42511	0.69926	0.9999712103	0.007439188284	0.001495687878	-0.007419491724	0.9998909423	-0.01276928492	-0.001590517877	0.01275782005	0.9999173507
0.05	1020.87606	-13.99091	303.99464	0.75356	0.14655	-0.29487	1.11036	0.999983486	0.005179623279	0.002489837722	-0.005146412813	0.9999000974	-0.01316471206	-0.00255777723	0.01315168092	0.9999102415
0.06	1020.14841	-13.21264	303.1852	0.69665	0.14559	-0.18166	1.61432	0.9999917454	0.003201220402	0.002502272158	-0.003170549571	0.9999209584	-0.0121665314	-0.002541022123	0.0121584974	0.9999228541
0.07	1019.98438	-12.82804	303.0856	0.67166	0.16676	-0.13456	2.10244	0.9999930067	0.002382469578	0.002882768714	-0.002348502935	0.9999284525	-0.01172921253	-0.002910506951	0.01172236031	0.9999270549
0.08	1020.00662	-12.81497	303.1157	0.61873	0.12185	-0.13639	2.36503	0.9999949053	0.002403278785	0.002100846355	-0.002380446935	0.9999388049	-0.01080369737	-0.00212668209	0.01079864138	0.9999394314
0.1	1020.25933	-13.71438	303.27811	0.4883	0.10002	-0.29767	1.5431	0.9999849807	0.005209986597	0.001701314382	-0.005195290297	0.9999501118	-0.008531293542	-0.001745677431	0.008522326585	0.9999621606
0.11	1020.89132	-14.44045	303.11274	0.36013	0.05791	-0.46497	0.56367	0.9999665607	0.008121360629	0.0009596595683	-0.008115164203	0.9999472672	-0.00629340788	-0.001010719998	0.006285409638	0.9999797358
0.12	1020.81667	-14.54054	303.26261	0.42216	0.06045	-0.45471	0.41767	0.9999679521	0.007943661305	0.0009965161437	-0.007936098917	0.9999413036	-0.007376156044	-0.001055051337	0.007368011202	0.9999722993
0.13	1020.82005	-14.54724	303.25678	0.41486	0.05811	-0.4528	0.39674	0.9999682583	0.007909904706	0.0009569315354	-0.007902764527	0.9999425019	-0.007248398424	-0.001014210654	0.007240605943	0.9999732721
0.14	1020.81337	-14.55642	303.27975	0.4124	0.05994	-0.45746	0.39762	0.9999675794	0.007991421161	0.0009886227695	-0.007984093999	0.9999421637	-0.007205798621	-0.001046150163	0.007197671747	0.9999735492
0.15	1020.83803	-14.58068	303.27805	0.41615	0.06017	-0.4521	0.40767	0.9999683177	0.007897970776	0.0009927939724	-0.007890547316	0.9999424329	-0.007271183873	-0.001050164418	0.007263119817	0.9999730718
0.16	1020.81857	-14.57167	303.25622	0.41419	0.06313	-0.44598	0.39443	0.9999690992	0.007791502184	0.001045495956	-0.007783736073	0.9999435161	-0.007237273381	-0.001101826134	0.007228911879	0.999973264
0.17	1020.84716	-14.57645	303.28641	0.41072	0.06719	-0.44816	0.3999	0.9999687218	0.007829992827	0.001116551102	-0.007821782439	0.9999436514	-0.007177307895	-0.001172686456	0.007168349982	0.9999736194
0.18	1020.80719	-14.54796	303.25437	0.42161	0.05709	-0.44566	0.39963	0.9999692533	0.007785277096	0.0009391162791	-0.007778152052	0.99994262	-0.007365943667	-0.0009964083051	0.0073584126	0.9999724301
0.19	1020.82162	-14.58495	303.29287	0.42437	0.06096	-0.44648	0.40367	0.9999690723	0.007800133455	0.001006175447	-0.007792462769	0.9999421486	-0.007414651738	-0.001063952511	0.007406581835	0.9999720049
0.2	1020.83793	-14.56871	303.27294	0.42376	0.05992	-0.44011	0.42915	0.9999699516	0.007688817401	0.0009889312613	-0.007681288833	0.9999430895	-0.007403754504	-0.001045801097	0.007395935766	0.9999721028
0.21	1020.83501	-14.57119	303.27954	0.42318	0.05941	-0.43926	0.40727	0.9999700747	0.007673907193	0.0009802181111	-0.00766645405	0.9999432788	-0.007393549258	-0.001036899923	0.007385813207	0.9999721869
0.22	1020.83547	-14.57991	303.27072	0.42126	0.06678	-0.44178	0.40153	0.9999695949	0.007718799852	0.001108774941	-0.007710433932	0.9999431803	-0.007361075722	-0.001165530611	0.007352302772	0.9999722922
0.23	1020.85159	-14.57411	303.28147	0.42268	0.07123	-0.43583	0.41054	0.9999702967	0.007615559057	0.001187013369	-0.007606589246	0.9999437894	-0.00738633359	-0.001243197706	0.007377085068	0.9999720161
0.24	1020.85539	-14.58958	303.29183	0.42609	0.07168	-0.44053	0.40205	0.9999696596	0.007697713896	0.001193802857	-0.007688617183	0.9999427195	-0.007446003652	-0.001251051681	0.007436599044	0.9999715655
0.25	1020.85101	-14.60597	303.27545	0.4256	0.06376	-0.43156	0.40905	0.9999710144	0.007540129766	0.001056810807	-0.007532067036	0.9999439837	-0.007436223901	-0.001112821701	0.007428048387	0.9999717925
0.26	1020.8506	-14.59708	303.28022	0.42925	0.06339	-0.42594	0.39846	0.9999717555	0.007442066697	0.001050608754	-0.007433982392	0.9999442431	-0.00749977318	-0.001106363987	0.007491751146	0.9999713244
0.27	1020.85148	-14.59562	303.27125	0.42168	0.05333	-0.42974	0.39668	0.9999714391	0.007506954518	0.0008755330191	-0.007500304356	0.9999447392	-0.007366411917	-0.0009307839557	0.007359634762	0.9999724843
0.28	1020.85496	-14.58589	303.29381	0.41854	0.05877	-0.42135	0.41029	0.9999724338	0.007361174898	0.0009719558421	-0.007353874651	0.9999462248	-0.007312181452	-0.001025729822	0.007304832242	0.9999727933
0.29	1020.84233	-14.58834	303.28478	0.41242	0.05501	-0.41815	0.38933	0.9999729081	0.007304751097	0.0009075236367	-0.007298026118	0.9999474132	-0.007204839749	-0.000960105474	0.007198021425	0.999973633
0.3	1020.83343	-14.57111	303.31103	0.42046	0.05027	-0.41224	0.39238	0.9999737316	0.00720112783	0.0008245320301	-0.007194880462	0.9999471448	-0.00734446802	-0.0008773769024	0.007338342684	0.9999726891
0.31	1020.83658	-14.56035	303.33513	0.41001	0.04972	-0.40653	0.41063	0.999974452	0.007101255436	0.0008169603457	-0.007095224804	0.9999491809	-0.007161940187	-0.0008677775952	0.007155960697	0.9999740193
0.32	1020.82455	-14.53173	303.31506	0.41435	0.04492	-0.40165	0.40597	0.9999751219	0.007015543752	0.0007332673615	-0.007010055372	0.999949241	-0.007237026786	-0.0007840018197	0.007231706498	0.9999735435
0.33	1020.79305	-14.52747	303.35115	0.40338	0.02465	-0.39412	0.40392	0.9999762493	0.006881495741	0.0003817754735	-0.006878636766	0.9999515388	-0.007043043697	-0.0004302236473	0.007040250325	0.9999751246
0.34	1020.7909	-14.51634	303.31145	0.4016	0.02552	-0.38797	0.39267	0.9999769753	0.006774257694	0.0003979255494	-0.006771301482	0.9999524893	-0.007012040112	-0.0004454080104	0.007009184187	0.9999753362
0.35	1020.79095	-14.47386	303.3338	0.38173	0.02569	-0.39386	0.39915	0.9999762726	0.006876934271	0.0004025565506	-0.006874098963	0.9999541591	-0.00666532076	-0.0004483750698	0.006662395395	0.9999777055
0.36	1020.77473	-14.43622	303.35204	0.37826	0.03612	-0.39711	0.38866	0.9999757829	0.006934832246	0.0005846278684	-0.006930820126	0.9999541609	-0.00660604509	-0.0006304128841	0.00660183316	0.9999780089
0.37	1020.78408	-14.425	303.34515	0.36466	0.02861	-0.39831	0.4097	0.9999757115	0.006954802104	0.0004550721672	-0.006951764083	0.9999555611	-0.006367792107	-0.0004993386782	0.006364473889	0.9999796219
0.38	1020.77819	-14.40636	303.36191	0.37065	0.0214	-0.39586	0.41553	0.9999760628	0.006911276967	0.000328789243	-0.006909004928	0.999955192	-0.006471443816	-0.0003735004512	0.006469017301	0.9999790059
0.39	1020.7844	-14.41586	303.35762	0.37336	0.01603	-0.3922	0.42795	0.9999765327	0.006846805606	0.0002351587703	-0.006845127602	0.9999553284	-0.006518077576	-0.0002797762754	0.006516314923	0.9999787295
0.4	1020.7803	-14.39731	303.38353	0.36263	0.01275	-0.39264	0.41072	0.9999764945	0.006854078252	0.0001791480696	-0.006852806968	0.9999564815	-0.006330421522	-0.0002225294778	0.006329045055	0.9999799466
0.41	1020.76886	-14.41829	303.40156	0.36178	0.00836	-0.38522	0.39318	0.9999773877	0.006724093946	0.0001034509468	-0.00672330662	0.9999574578	-0.006315048473	-0.0001459095249	0.006314210143	0.9999800545
0.42	1020.76641	-14.48416	303.41493	0.37476	0.00738	-0.37986	0.41961	0.9999780146	0.006630459777	8.54E-05	-0.006629759074	0.9999566269	-0.00654145945	-0.0001288052984	0.006540749213	0.9999786008
0.43	1020.7779	-14.53783	303.44578	0.3691	0.00214	-0.36937	0.40605	0.9999792193	0.00644678484	-4.18E-06	-0.006446677999	0.9999584692	-0.006442072627	-3.74E-05	0.006441965708	0.9999792496
0.44	1020.79959	-14.63891	303.46962	0.3943	0.002	-0.3593	0.41199	0.9999803369	0.006271018622	-8.25E-06	-0.006270926898	0.9999566568	-0.006881862499	-3.49E-05	0.006881778916	0.9999763197
0.45	1020.87005	-14.69394	303.5028	0.39687	0.00032	-0.35473	0.40176	0.9999808345	0.006191057066	-3.73E-05	-0.006191166903	0.9999568454	-0.006926534638	-5.59E-06	0.006926632813	0.9999760106
0.46	1020.92967	-14.78233	303.56972	0.4257	0.0262	-0.35358	0.41168	0.9999808541	0.006174323075	0.0004114049213	-0.006171095355	0.9999533368	-0.007432478612	-0.0004572762481	0.007429797491	0.9999722941
0.47	1021.03761	-14.89125	303.58176	0.44689	0.0373	-0.3312	0.41926	0.9999830809	0.005785399992	0.0006058913804	-0.005780497065	0.9999528464	-0.007803255536	-0.000651007765	0.007799621159	0.9999693706
0.48	1021.15986	-15.03043	303.64952	0.46703	0.05691	-0.32072	0.41403	0.9999838401	0.005605500898	0.000947591517	-0.005597587984	0.9999510676	-0.008156552957	-0.000993266714	0.008151116921	0.9999662858
0.49	1021.29447	-15.22774	303.6703	0.50885	0.06992	-0.30341	0.41558	0.9999852343	0.00530610752	0.001173239574	-0.005295474791	0.9999464852	-0.008887328627	-0.00122033391	0.008880984538	0.9999598186
0.5	1021.40464	-15.38814	303.74374	0.53593	0.10246	-0.28335	0.42246	0.9999861727	0.004961880445	0.001741906254	-0.00494536237	0.9999439435	-0.009362335522	-0.001788263398	0.009353591708	0.9999546552
0.51	1021.54073	-15.52967	303.82636	0.56917	0.11998	-0.27473	0.41989	0.9999863118	0.004815489523	0.00204628564	-0.004794914167	0.9999390644	-0.009943653216	-0.002094044506	0.009933705342	0.9999484669
0.52	1021.68871	-15.71593	303.88215	0.60955	0.13491	-0.25852	0.4249	0.9999870487	0.004536803815	0.002306463495	-0.004511997365	0.9999331184	-0.01064896896	-0.002354621518	0.01063842428	0.9999406381
0.53	1021.8619	-15.89085	303.93963	0.63073	0.16417	-0.23869	0.44959	0.9999872176	0.004197203174	0.002819245867	-0.004165897241	0.9999306008	-0.01101993322	-0.002865303112	0.01100804767	0.9999353044
0.54	1022.00842	-16.0859	304.0262	0.65405	0.20464	-0.2221	0.4351	0.9999861086	0.003916884176	0.003527125622	-0.003876341836	0.9999271752	-0.01142883635	-0.003571634188	0.01141500524	0.999928468
0.55	1022.19161	-16.29869	304.08553	0.6857	0.24005	-0.19017	0.43995	0.9999857152	0.00336898796	0.004149606547	-0.003319057414	0.9999227135	-0.0119812759	-0.004189650612	0.01196733197	0.9999196117
0.56	1022.369	-16.51658	304.14847	0.71815	0.26006	-0.15153	0.44114	0.999986202	0.002701375692	0.004505367316	-0.00264466709	0.999917802	-0.01254571303	-0.004538887668	0.01253362473	0.9999111494
0.57	1022.5466	-16.79839	304.24989	0.78012	0.27334	-0.11433	0.46183	0.9999866295	0.002060202276	0.004743044872	-0.001995410902	0.999905188	-0.01362473343	-0.004770664881	0.01361508693	0.9998959297
0.58	1022.74655	-17.08306	304.4037	0.82715	0.26931	-0.06815	0.4529	0.999988246	0.00125717151	0.004682665015	-0.001189428465	0.9998950077	-0.01444156943	-0.004700328901	0.01443582999	0.9998847502
0.59	1022.96327	-17.44719	304.49495	0.87699	0.28594	-0.00379	0.47032	0.9999875448	0.0001425247805	0.004988976695	-6.61E-05	0.9998828527	-0.01530609538	-0.004990573747	0.01530557474	0.9998704084
0.6	1023.1706	-17.77127	304.61639	0.9025	0.28983	0.06199	0.49264	0.9999866206	-0.001002119598	0.005074877126	0.00108191555	0.9998754472	-0.0157454637	-0.005058466198	0.01575074363	0.9998631536
0.61	1023.35673	-18.14268	304.64741	0.94287	0.33105	0.14187	0.49917	0.9999802424	-0.002380683526	0.005817825564	0.002476054748	0.9998617703	-0.01644108809	-0.00577788034	0.01645516851	0.9998479102
0.62	1023.63305	-18.56084	304.65409	1.04257	0.38865	0.22742	0.4653	0.9999691168	-0.003845139594	0.006854214758	0.003969126047	0.9998270661	-0.0181682123	-0.00678317012	0.01819485645	0.9998114501
0.63	1023.86275	-18.92306	304.83547	1.11097	0.44182	0.29569	0.458	0.9999569524	-0.005010262789	0.007809645995	0.005160587722	0.9997994756	-0.01934882348	-0.00771113728	0.01938829293	0.9997822925
0.64	1024.10993	-19.30921	305.05544	1.2364	0.50288	0.35579	0.44626	0.9999422037	-0.006018842886	0.008908576	0.006209427861	0.9997490773	-0.0215226718	-0.008776799056	0.02157674503	0.9997286691
0.65	1024.36103	-19.68784	305.24791	1.35277	0.55841	0.40129	0.42599	0.9999279816	-0.006771745048	0.009908329314	0.007003441866	0.9996983816	-0.02353927864	-0.009745938786	0.02360697579	0.9996738105
0.66	1024.57387	-20.04597	305.36022	1.42855	0.58515	0.44957	0.42035	0.999917068	-0.007589361536	0.01040474128	0.007845987014	0.9996604152	-0.02484944308	-0.01021261658	0.02492901774	0.9996370574
0.67	1024.82757	-20.43528	305.45974	1.48043	0.60157	0.50442	0.43124	0.9999061311	-0.008529496294	0.01072272039	0.008803190847	0.9996298555	-0.02574210113	-0.01049918428	0.0258340789	0.9996111081
0.68	1025.02508	-20.79534	305.55342	1.49709	0.60125	0.54916	0.45326	0.9998990108	-0.00930708669	0.01073994217	0.009583975655	0.9996153641	-0.02602443495	-0.01049359953	0.02612473811	0.9996036127
0.69	1025.23388	-21.14523	305.63462	1.53411	0.59245	0.58573	0.47901	0.9998942898	-0.009942265507	0.01060945644	0.01022219246	0.9995921589	-0.02666500707	-0.01034001889	0.02677064022	0.9995881236
0.7	1025.42555	-21.41757	305.74706	1.58873	0.62337	0.61142	0.48761	0.9998838806	-0.01036536634	0.01117069896	0.01067045801	0.9995618908	-0.02760738464	-0.01087964432	0.02772337536	0.9995564255
0.71	1025.61104	-21.68821	305.92079	1.65873	0.68002	0.62962	0.43835	0.9998691956	-0.01064059388	0.0121807022	0.01098794693	0.9995243919	-0.0288141455	-0.01186830934	0.02894421739	0.999510568
0.72	1025.79334	-21.89814	306.10529	1.72523	0.7187	0.65159	0.41705	0.9998566692	-0.01098938006	0.01287923004	0.01137125108	0.9994863587	-0.02996186695	-0.01254335239	0.03010402545	0.9994680645
0.73	1025.93662	-22.10171	306.29482	1.76792	0.74133	0.67553	0.39598	0.9998467988	-0.01138520436	0.01329496401	0.01178896268	0.9994592259	-0.03069651541	-0.01293828834	0.0308485465	0.9994403273
0.74	1026.00971	-22.25481	306.45463	1.76771	0.70233	0.70205	0.38146	0.9998498096	-0.01186885688	0.01262887799	0.01225185688	0.9994537043	-0.03069503078	-0.01225766396	0.03084514788	0.9994490115
0.75	1026.09238	-22.37714	306.59162	1.74123	0.62125	0.72278	0.41132	0.9998616548	-0.01227929827	0.01122007648	0.01261381467	0.9994628796	-0.03024638919	-0.01084264552	0.03038373271	0.9994794975
0.76	1026.15425	-22.42257	306.77551	1.67276	0.53174	0.74196	0.4202	0.9998730935	-0.01267288067	0.009653750692	0.01294872534	0.9994935496	-0.02906845043	-0.009280480542	0.02918976522	0.9995308051
0.77	1026.19524	-22.46826	306.94121	1.6233	0.43482	0.77988	0.42164	0.9998785714	-0.01339062963	0.007970795288	0.01361066152	0.9995090063	-0.02822226301	-0.007588967807	0.02832732381	0.9995698927
0.78	1026.14737	-22.38517	307.1406	1.59019	0.35855	0.79781	0.41492	0.9998834784	-0.01374495776	0.006641217483	0.01392368871	0.9995203933	-0.02766069773	-0.006257837189	0.0277499449	0.9995953081
0.79	1026.09866	-22.27561	307.29727	1.53625	0.27462	0.82592	0.39502	0.99988462	-0.01428085876	0.005177229129	0.01441435857	0.9995385581	-0.02673755867	-0.00479300484	0.02680910013	0.9996290808
0.8	1026.04803	-22.15497	307.43899	1.49267	0.18724	0.84242	0.37515	0.9998865736	-0.0146123661	0.003649472234	0.01470239444	0.9995538667	-0.02599821311	-0.003267948675	0.0260489202	0.9996553277
0.81	1025.9423	-21.9516	307.51997	1.43238	0.07988	0.84647	0.3986	0.9998898993	-0.0147336884	0.001762867385	0.01477313675	0.9995789426	-0.02497382539	-0.001394168555	0.02499711884	0.999686551
0.82	1025.83805	-21.70118	307.54213	1.3623	-0.04683	0.84102	0.39454	0.9998919378	-0.01469332182	-0.0004680572247	0.01467803607	0.9996093665	-0.02378381255	0.0008173375977	0.02377437226	0.9997170156
0.83	1025.70406	-21.37543	307.6351	1.26421	-0.17275	0.82786	0.41226	0.9998910719	-0.01451137671	-0.002695230917	0.01444831433	0.999651267	-0.02210408565	0.003015051715	0.02206273635	0.9997520418
0.84	1025.53119	-21.03694	307.72126	1.12507	-0.30827	0.79843	0.40062	0.9998884337	-0.01403772642	-0.005105132768	0.01393457964	0.9997086693	-0.01970796639	0.005380300527	0.01963462976	0.9997927454
0.85	1025.28652	-20.69012	307.80572	1.00811	-0.42649	0.77556	0.42121	0.9998806874	-0.01366451701	-0.007203606514	0.0135352872	0.9997518451	-0.01769305737	0.007443585987	0.01759344349	0.9998175152
0.86	1025.03749	-20.20712	307.88819	0.87014	-0.53923	0.7526	0.44066	0.9998694501	-0.0132763638	-0.00920983233	0.01313438853	0.9997965479	-0.01530851568	0.009411199994	0.01518555164	0.9998404014
0.87	1024.68278	-19.66279	308.09264	0.70903	-0.66825	0.72939	0.52709	0.999850963	-0.0128732504	-0.01150353286	0.01272904738	0.9998405722	-0.01252204577	0.01166289831	0.01237375051	0.9998554231
0.88	1024.31367	-19.15026	308.15292	0.57307	-0.80089	0.70643	0.50071	0.9998263067	-0.0124683919	-0.01385263648	0.01232801258	0.9998722533	-0.010173357	0.01397771225	0.01000081448	0.9998522927
0.89	1023.851	-18.58545	308.0973	0.43782	-0.98732	0.68666	0.61522	0.9997797307	-0.01211550032	-0.0171378164	0.0119824117	0.9998974158	-0.007847272567	0.01723113197	0.007640191682	0.999822342
0.9	1023.46746	-18.06923	308.1474	0.31377	-1.15482	0.66654	0.62127	0.999729234	-0.01174324274	-0.02008867469	0.01163069237	0.9999160558	-0.005710371283	0.02015404664	0.005475179913	0.9997818946
0.91	1023.03368	-17.48106	308.29837	0.18291	-1.31345	0.62791	0.61482	0.9996772215	-0.01103199301	-0.02288554118	0.01095599816	0.9999340524	-0.003443382932	0.02292201931	0.003191537535	0.9997321617
0.92	1022.62811	-16.87255	308.44223	0.03493	-1.48031	0.57285	0.6248	0.9996162977	-0.01001369857	-0.02582601804	0.00999461535	0.9999496759	-0.0008678941379	0.0258334092	0.0006094400086	0.999666076
0.93	1022.18178	-16.21233	308.58011	-0.1194	-1.61063	0.51453	0.63027	0.9995646114	-0.00892153178	-0.02812461391	0.008976574011	0.9999580326	0.001831433005	0.02810709441	-0.002083098298	0.9996027471
0.94	1021.84124	-15.50929	308.85606	-0.28537	-1.6394	0.4468	0.48156	0.9995602853	-0.00765546884	-0.02864663816	0.00779486015	0.9999583029	0.004757382168	0.02860902368	-0.004978586815	0.9995782798
0.95	1021.40303	-14.79405	309.09991	-0.44476	-1.70956	0.37978	0.46035	0.9995329382	-0.006396590974	-0.02988292187	0.006625412587	0.9999494395	0.00756453975	0.02983302371	-0.007758993329	0.9995247814
0.96	1021.00318	-14.04906	309.47827	-0.62652	-1.78343	0.32366	0.45314	0.9994996551	-0.005308266402	-0.03118111089	0.0056461663	0.9999261834	0.01075865151	0.03112169941	-0.01092932222	0.9994558468
0.97	1020.59819	-13.35538	309.78806	-0.81497	-1.88854	0.28162	0.50286	0.9994447545	-0.004445947877	-0.03302145189	0.00491250666	0.9998890675	0.01406129377	0.03295527296	-0.0142157044	0.9993557243
0.98	1020.17283	-12.62188	310.08006	-1.00996	-1.96762	0.22645	0.5719	0.9994025847	-0.003346487777	-0.03439875954	0.003949957495	0.999839229	0.0174903973	0.03433469781	-0.01761582191	0.9992551283
0.99	1019.7549	-11.94044	310.35393	-1.21707	-1.97618	0.14515	0.64982	0.9994020427	-0.001800323464	-0.03452992821	0.002531835993	0.9997730471	0.02115287305	0.03448400953	-0.02122764865	0.9991797836
1	1019.3502	-11.2348	310.79788	-1.42031	-1.89238	0.07209	0.58081	0.9994538254	-0.0004393138762	-0.03304327207	0.00125752132	0.9996930049	0.02474499146	0.03302225712	-0.02477302899	0.9991475504
1.01	1018.98427	-10.57191	311.13275	-1.60524	-1.79817	-0.002	0.56568	0.9995075625	0.0009139100252	-0.03136554304	-3.49E-05	0.999607526	0.02801415308	0.0313788353	-0.02799926354	0.9991153136
1.02	1018.51987	-9.77407	311.6019	-1.78381	-1.68081	-0.07719	0.49958	0.999568833	0.002259604903	-0.02927528373	-0.001346639588	0.999513259	0.03116779696	0.02933146116	-0.03111493518	0.9990853448
1.03	1018.12487	-9.11865	312.04498	-1.96269	-1.60831	-0.1269	0.47833	0.9996036031	0.003174764617	-0.02797422966	-0.002213948492	0.9994087608	0.03431074575	0.02806661874	-0.03423521158	0.999019627
1.04	1017.80113	-8.52928	312.48603	-2.16034	-1.57575	-0.13212	0.4511	0.9996191855	0.00334087404	-0.02739201674	-0.002305054962	0.9992842019	0.03775937695	0.02749855891	-0.03768185753	0.9989113609
1.05	1017.44075	-7.92997	312.89308	-2.36908	-1.53483	-0.12758	0.45579	0.9996387492	0.003331965349	-0.02666963021	-0.002225890344	0.9991403407	0.04139595282	0.0267846333	-0.04132163483	0.9987868171
1.06	1017.16404	-7.39038	313.26818	-2.56375	-1.50518	-0.106	0.44652	0.9996532435	0.003023156548	-0.02615823422	-0.001849409601	0.9989951868	0.04477941916	0.02626732528	-0.04471551432	0.9986543698
1.07	1016.94588	-6.89338	313.66869	-2.78294	-1.48571	-0.05721	0.44826	0.9996633243	0.002256172136	-0.02584855478	-0.0009981670251	0.9988188834	0.04857820401	0.02592762541	-0.04853604773	0.9984848573
1.08	1016.78093	-6.43132	314.13183	-2.95364	-1.43414	-0.00871	0.46525	0.9996867427	0.001441449171	-0.02498676972	-0.0001519705582	0.9986713471	0.05153171249	0.02502785132	-0.05151177255	0.9983587251
1.09	1016.67297	-6.00055	314.66892	-3.07313	-1.34782	0.01605	0.45093	0.9997232867	0.0009812895565	-0.02350291786	0.0002800478379	0.9985622359	0.05360394168	0.0235217272	-0.0535956907	0.9982856456
1.1	1016.65755	-5.71729	315.17518	-3.17014	-1.28043	0.0407	0.44999	0.9997500479	0.0005264895941	-0.02235094131	0.0007101715718	0.9984703462	0.05528529171	0.02234585924	-0.05528734603	0.9982204025
1.11	1016.73682	-5.45005	315.57016	-3.26647	-1.21964	0.06365	0.4004	0.9997728291	0.0001037240322	-0.02131383071	0.001110650161	0.9983760639	0.05695613619	0.02128512613	-0.05696686963	0.9981491468
1.12	1016.8926	-5.179	315.94287	-3.38749	-1.1364	0.07492	0.41505	0.9998024595	-0.0001334384335	-0.01987521587	0.001307343117	0.9982534321	0.05906247745	0.01983262125	-0.05907679394	0.998056411
1.13	1017.14345	-5.00614	316.24769	-3.498	-1.03614	0.07905	0.42147	0.9998355363	-0.0002737980377	-0.01813354115	0.001379456741	0.998137501	0.06098873754	0.01808306885	-0.06100372155	0.9979737214
1.14	1017.5111	-4.86644	316.51425	-3.61288	-0.93807	0.07933	0.41752	0.9998650167	-0.0003501592842	-0.01642637419	0.001384383686	0.9980130598	0.06299218969	0.01637167867	-0.0630064272	0.9978788295
1.15	1017.96648	-4.75805	316.87613	-3.68117	-0.81882	0.10966	0.43657	0.9998960525	-0.0009924599112	-0.01438399003	0.001913731446	0.9979367009	0.06417693194	0.01429061853	-0.064197788	0.9978348672
1.16	1018.5018	-4.69473	317.24288	-3.72643	-0.6609	0.13646	0.42485	0.999930638	-0.001626975069	-0.0116649967	0.002381515602	0.9978846992	0.06496503242	0.01153462524	-0.06498830669	0.9978193586
1.17	1019.11092	-4.6993	317.59309	-3.74681	-0.50418	0.17936	0.39127	0.9999563842	-0.002548704038	-0.008985201267	0.003130296236	0.9978594738	0.06531976495	0.00879948746	-0.06534504232	0.9978239296
1.18	1019.80795	-4.73499	317.82643	-3.77499	-0.36509	0.21199	0.39531	0.9999728542	-0.00327236962	-0.006601706947	0.003699839927	0.9978250246	0.06581437165	0.006371979446	-0.06583701033	0.997810045
1.19	1020.58802	-4.88868	318.08727	-3.80565	-0.22103	0.2653	0.39981	0.9999818391	-0.00436409062	-0.004156470346	0.004630307506	0.9977854172	0.06635375982	0.003857691677	-0.06637180051	0.9977875036
1.2	1021.46117	-5.03678	318.33242	-3.85024	-0.05637	0.30515	0.42918	0.9999853336	-0.005247763581	-0.0013392317	0.005325844457	0.9977291736	0.06714262014	0.0009838419406	-0.06714876794	0.9977424893
1.21	1022.38174	-5.14999	318.66964	-3.8783	0.14296	0.35906	0.41933	0.999977251	-0.006421147346	0.002065491277	0.006266718686	0.9976893183	0.06765169871	-0.00249512011	-0.06763721585	0.9977068615
1.22	1023.42724	-5.32468	319.02279	-3.85826	0.35265	0.4369	0.42799	0.9999519864	-0.008022126739	0.005627643958	0.007625125172	0.9977013983	0.06733332913	-0.006154864746	-0.06728718472	0.9977146648
1.23	1024.51484	-5.56959	319.47666	-3.8313	0.61397	0.51398	0.42327	0.9999023527	-0.009666451039	0.01009181345	0.008970007945	0.9977185458	0.06691219863	-0.01071559293	-0.06681514119	0.9977078295
1.24	1025.70612	-5.85475	319.95562	-3.74864	0.89653	0.60703	0.39897	0.9998214658	-0.01159472599	0.01491974812	0.010593177	0.9977936346	0.06554118881	-0.01564676183	-0.06537143993	0.9977383192
1.25	1026.93707	-6.16886	320.41055	-3.67451	1.1686	0.71814	0.39303	0.9997134784	-0.01381476046	0.01954772213	0.01253097246	0.99784946	0.06433840137	-0.02039450357	-0.06407501506	0.997736667
1.26	1028.18959	-6.49331	320.85776	-3.62493	1.47663	0.80727	0.38101	0.9995686963	-0.01568995558	0.02482431665	0.01408437459	0.9978773015	0.06358082744	-0.02576920247	-0.06320376982	0.9976678965
1.27	1029.52718	-6.81768	321.33895	-3.54135	1.76236	0.89474	0.41557	0.9994051077	-0.01748512265	0.02972711296	0.01560813779	0.9979391192	0.06224066456	-0.03075413458	-0.06173965319	0.9976183631
1.28	1030.8914	-7.09391	321.90435	-3.48275	2.08528	0.97741	0.42229	0.9991923698	-0.01923680599	0.03527822936	0.0170468989	0.9979701941	0.06135873975	-0.03638696758	-0.06070780017	0.9974921311
1.29	1032.26803	-7.41224	322.45913	-3.41525	2.38727	1.05701	0.40831	0.9989620919	-0.02089546885	0.04047367387	0.01843124809	0.9980083696	0.06032895989	-0.04165366717	-0.05952036365	0.9973576582
1.3	1033.70531	-7.64461	323.11016	-3.31936	2.71693	1.11114	0.39473	0.9986880842	-0.02210340362	0.04619036755	0.01937003776	0.998081362	0.05880813339	-0.04740160487	-0.0578362729	0.997200107
1.31	1035.13364	-7.96111	323.69582	-3.22621	2.97886	1.18674	0.40362	0.99843457	-0.02360222669	0.05070842374	0.02068305419	0.9981403952	0.05734076022	-0.05196749574	-0.0562021922	0.9970660424
1.32	1036.56933	-8.23043	324.26028	-3.13074	3.20668	1.23822	0.37655	0.998201106	-0.02463139163	0.05466119799	0.02157549889	0.9982083351	0.0558087582	-0.05593791082	-0.05452902154	0.9969440987
1.33	1038.01776	-8.40801	324.87848	-3.06048	3.4118	1.30855	0.40329	0.9979672676	-0.02598046776	0.05819233784	0.02279604495	0.9982407589	0.05473323965	-0.05951195866	-0.05329542647	0.9968038545
1.34	1039.40404	-8.56462	325.5385	-2.98071	3.57429	1.35998	0.41426	0.9977736628	-0.02694268008	0.06100663691	0.02368773289	0.9982888501	0.05346272593	-0.06234267453	-0.05189859096	0.9967045335
1.35	1040.82985	-8.68261	326.18264	-2.90676	3.71724	1.40805	0.41267	0.9975948381	-0.02782773651	0.06348350959	0.02452093798	0.9983310291	0.05228651805	-0.06483257291	-0.05060408531	0.9966122436
1.36	1042.22621	-8.85196	326.91059	-2.83933	3.88185	1.46048	0.43144	0.9973816626	-0.02880855336	0.06633163917	0.02542895048	0.9983624391	0.05124264589	-0.06769924357	-0.04942173139	0.9964809606
1.37	1043.58696	-8.92336	327.61296	-2.76921	4.001	1.51633	0.3786	0.9972135097	-0.02980076731	0.06838954864	0.02639736985	0.9983932743	0.05014029019	-0.06977388451	-0.04819527055	0.996397923
1.38	1044.92002	-8.96525	328.40394	-2.70753	4.13868	1.5848	0.38306	0.9970107729	-0.0310334578	0.07075622426	0.02758433108	0.9984073037	0.04921341852	-0.07217079363	-0.04711454532	0.9962788747
1.39	1046.23629	-8.96585	329.19589	-2.65721	4.26763	1.66908	0.38216	0.9968042351	-0.03254396798	0.07295345804	0.02904606258	0.9984004716	0.04850592257	-0.07441534211	-0.04623189834	0.9961550926
1.4	1047.494	-8.99394	330.07494	-2.62372	4.35974	1.76726	0.37799	0.9966321365	-0.03428549149	0.0744908691	0.03075037807	0.9983692313	0.04809669728	-0.07601841063	-0.04564409178	0.9960611518
1.41	1048.68658	-8.95051	330.83678	-2.56419	4.4126	1.8832	0.44135	0.9964973523	-0.03626947271	0.07534953415	0.03276471482	0.9983460469	0.04724028068	-0.07693828962	-0.04460600862	0.9960375513
1.42	1049.84855	-8.96692	331.65186	-2.53057	4.47974	1.99675	0.43171	0.9963396748	-0.03825532998	0.07644463415	0.03473636374	0.9982980448	0.04684440987	-0.07810657717	-0.04401753548	0.9959728004
1.43	1050.90935	-8.94452	332.41648	-2.50193	4.55014	2.09042	0.41325	0.996184896	-0.03990260214	0.0776107939	0.03636165429	0.9982555721	0.04651497481	-0.07933147599	-0.04351545849	0.9958980479
1.44	1051.97057	-8.9198	333.22656	-2.49104	4.61303	2.18502	0.3867	0.9960358882	-0.04158353071	0.07863408557	0.03800304356	0.9981953632	0.04649500623	-0.08042560612	-0.04332236024	0.9958187059
1.45	1052.96573	-8.86579	334.05408	-2.4653	4.67578	2.27153	0.38502	0.9958887629	-0.04310226078	0.07967287493	0.03950338382	0.9981504184	0.04620849432	-0.08151720402	-0.04287117209	0.9957494705
1.46	1053.87524	-8.82356	334.88902	-2.46734	4.72661	2.34566	0.4065	0.9957641701	-0.04443450985	0.08049404878	0.04078886791	0.9980906093	0.04638322786	-0.08240137018	-0.04290349527	0.9956753006
1.47	1054.78842	-8.73652	335.69799	-2.45439	4.77412	2.39763	0.42271	0.9956581528	-0.04535697926	0.08128706625	0.04168918375	0.9980588886	0.04626517854	-0.08322772775	-0.04267551077	0.9956163649
1.48	1055.62465	-8.7056	336.60295	-2.45303	4.81508	2.44562	0.40991	0.9955631868	-0.04622145494	0.08196046743	0.04252056614	0.9980203468	0.04633992796	-0.08394011302	-0.04264932087	0.9955576793
1.49	1056.42375	-8.66601	337.37491	-2.47311	4.84039	2.50806	0.40835	0.9954791158	-0.0473567325	0.0823326776	0.04360386223	0.9979522186	0.04679821131	-0.08438028865	-0.04299661928	0.9955055287
1.5	1057.15906	-8.59548	338.16956	-2.49447	4.91315	2.5558	0.40062	0.995334588	-0.04827392082	0.08353853323	0.04442848618	0.9978924165	0.04729518651	-0.08564559289	-0.04336304441	0.9953815745
1.51	1057.84271	-8.54199	338.94179	-2.52083	5.00475	2.61564	0.40169	0.9951495911	-0.04942448338	0.08505593286	0.04546168751	0.9978163531	0.04791409475	-0.08723833012	-0.04381490556	0.9952234562
1.52	1058.52355	-8.51429	339.65263	-2.56298	5.10456	2.68304	0.4037	0.9949421101	-0.05073825932	0.08669386657	0.04662511731	0.9977182979	0.0488292574	-0.08897356852	-0.04454017269	0.995037626
1.53	1059.14564	-8.46732	340.40142	-2.61126	5.17704	2.74134	0.40497	0.9947809327	-0.05188376568	0.08785767354	0.04763205222	0.9976218343	0.04981830245	-0.09023349457	-0.04537345609	0.9948865091
1.54	1059.77359	-8.44938	341.1782	-2.68733	5.28467	2.81714	0.40445	0.9945459934	-0.05340764651	0.08958733387	0.0489396479	0.9974808347	0.05135070867	-0.09210416906	-0.04668626899	0.994654319
1.55	1060.31514	-8.39093	341.89945	-2.72718	5.34681	2.87304	0.41409	0.9943974219	-0.05449437996	0.09057665157	0.04990490616	0.9973896609	0.05218586732	-0.09318405228	-0.04737327263	0.9945212443
1.56	1060.83389	-8.35617	342.68582	-2.72621	5.40911	2.93144	0.41006	0.9942442607	-0.05556085312	0.09160426621	0.05091322995	0.9973318498	0.05231657809	-0.09426660598	-0.04735158843	0.9944202502
1.57	1061.31921	-8.29033	343.55094	-2.7768	5.46756	2.98687	0.39264	0.9940979879	-0.05665562999	0.09251664726	0.05187003576	0.9972284074	0.05333856803	-0.09528215898	-0.04822492135	0.9942814829
1.58	1061.80485	-8.18358	344.31606	-2.87792	5.52693	3.02534	0.3997	0.9939638092	-0.05754002654	0.09340819718	0.05253225039	0.9970916107	0.05521487617	-0.09631359522	-0.04997464585	0.9940956826
1.59	1062.28143	-8.18829	345.08118	-2.97604	5.64083	3.02631	0.42432	0.9937697582	-0.05781936106	0.09528163106	0.05253886577	0.9969891922	0.05702822336	-0.09829209181	-0.05166693492	0.9938154721
1.6	1062.75862	-8.13773	345.77281	-3.06643	5.75947	3.03016	0.42785	0.9935608505	-0.05814665771	0.0972409513	0.05259477053	0.9968882597	0.05871616235	-0.1003525113	-0.05322371469	0.9935273573
1.61	1063.19484	-8.03896	346.49322	-3.1473	5.89984	3.04248	0.43031	0.9933010279	-0.05863181026	0.09957599468	0.05279520172	0.9967847342	0.06027321432	-0.1027897591	-0.05461231102	0.9932027794
1.62	1063.6375	-7.9955	347.32636	-3.19192	6.02069	3.06376	0.3942	0.9930626443	-0.05919617073	0.1015992025	0.0531524101	0.9967093764	0.06119836901	-0.1048875869	-0.05537357167	0.992941268
1.63	1064.09233	-7.92017	348.18657	-3.1997	6.13298	3.10171	0.3868	0.9928200531	-0.05997873672	0.1034934454	0.05379892987	0.9966557351	0.06150626735	-0.1068364042	-0.055496819	0.9927265917
1.64	1064.51982	-7.8306	349.09175	-3.23517	6.23882	3.15216	0.38676	0.9925735479	-0.06102379651	0.1052323535	0.05466216007	0.9965585133	0.06231514881	-0.1086729047	-0.05610014059	0.9924933118
1.65	1064.92699	-7.75053	349.95449	-3.31818	6.30474	3.22778	0.38043	0.9923750504	-0.06255738396	0.1061994967	0.05596505154	0.996381849	0.06396189494	-0.1098165397	-0.0575307284	0.9922855148
1.66	1065.30163	-7.69395	350.7689	-3.38984	6.39074	3.27311	0.39013	0.992164781	-0.06356643478	0.1075562913	0.05674068403	0.9962461265	0.06537698538	-0.1113083205	-0.05876192484	0.9920471229
1.67	1065.67247	-7.62293	351.55424	-3.46024	6.44196	3.31197	0.46451	0.9920263341	-0.06442768975	0.1083181668	0.05740782015	0.9961185157	0.06672514434	-0.1121966784	-0.0599747905	0.9918744527
1.68	1066.06243	-7.53231	352.36029	-3.49283	6.4992	3.33933	0.45635	0.9918864153	-0.06502530794	0.1092384932	0.05787497017	0.9960459698	0.06740114216	-0.1131893409	-0.06053210275	0.9917278042
1.69	1066.43372	-7.41988	353.29599	-3.50865	6.54222	3.35071	0.39749	0.9917897793	-0.06529887112	0.1099504031	0.05806699233	0.9960117124	0.06774137	-0.1139353242	-0.06080070919	0.9916259454
1.7	1066.80679	-7.30537	354.27676	-3.50364	6.56951	3.37318	0.36542	0.9917126447	-0.06570873257	0.1104010548	0.05845274381	0.995990249	0.06772518416	-0.11440851	-0.06071067693	0.9915769796
1.71	1067.1213	-7.12669	355.23891	-3.51361	6.56666	3.38011	0.36934	0.9917112472	-0.06584538363	0.1103321692	0.05857302779	0.9959706705	0.06790893796	-0.1143590946	-0.06088356834	0.9915720794
1.72	1067.38404	-6.96099	356.06623	-3.61124	6.56118	3.38633	0.3867	0.9917157969	-0.06613542472	0.110117591	0.05868133291	0.9958466893	0.06961230131	-0.1142640775	-0.06257377185	0.991477808
1.73	1067.60993	-6.79573	356.83544	-3.73616	6.53695	3.40754	0.4024	0.9917421534	-0.06671660974	0.1095280564	0.05905131337	0.9956695371	0.07179913081	-0.1138439438	-0.06473844902	0.9913871543
1.74	1067.79086	-6.55992	357.63271	-3.86858	6.51812	3.40857	0.43895	0.9917783862	-0.06696547434	0.1090470441	0.05907136311	0.9955010442	0.07408269083	-0.1135174288	-0.06703205402	0.991272161
1.75	1067.95087	-6.35327	358.47275	-3.94945	6.48159	3.40366	0.44799	0.9918554907	-0.0669904663	0.1083280344	0.05899065672	0.9954038273	0.07544085735	-0.1128839583	-0.06843608669	0.9912485632
1.76	1068.11825	-6.1315	359.45701	-3.98692	6.45401	3.39747	0.41708	0.9919159856	-0.0669205644	0.1078161192	0.05888671377	0.9953634881	0.07605183479	-0.1124056602	-0.06908809371	0.9912576874
1.77	1068.24162	-5.84097	360.37468	-4.04596	6.44608	3.38589	0.36368	0.9919433877	-0.06682078307	0.1076257337	0.05868715556	0.9952986931	0.07704757845	-0.1122681317	-0.0701105878	0.9912014791
1.78	1068.41097	-5.63586	361.30243	-4.16059	6.42623	3.38538	0.35669	0.9919826777	-0.06700218139	0.1071497777	0.05868061939	0.995144626	0.07901745547	-0.1119238673	-0.07209633174	0.9910979603
1.79	1068.53322	-5.35067	362.15691	-4.30435	6.3618	3.38687	0.37206	0.9921061644	-0.06721296363	0.1058667844	0.05871381468	0.9949464376	0.08145105473	-0.1108063467	-0.07459225074	0.9910388235
1.8	1068.60992	-5.10693	362.99731	-4.4632	6.29917	3.37497	0.43083	0.9922386571	-0.06721521918	0.104616259	0.05851485429	0.994735771	0.08412346721	-0.1097199123	-0.07734895099	0.9909483743
1.81	1068.72881	-4.89196	363.88732	-4.59825	6.26885	3.35166	0.48224	0.9923202047	-0.0670149046	0.103969293	0.05811455721	0.9945645522	0.0863947327	-0.1091939081	-0.07968910941	0.9908210415
1.82	1068.8367	-4.61985	364.8564	-4.70753	6.26571	3.30477	0.49347	0.9923734052	-0.06639479674	0.1038593066	0.05730278287	0.9944528938	0.08820336173	-0.1091394323	-0.08157924313	0.9906732112
1.83	1068.97668	-4.38747	365.84375	-4.76234	6.3192	3.24645	0.40609	0.9923290593	-0.06555885962	0.1048097039	0.05628684561	0.9944308669	0.08910130174	-0.1100673844	-0.08251840332	0.9904927481
1.84	1069.14052	-4.2214	366.87651	-4.84051	6.39818	3.17864	0.37608	0.9922425472	-0.06464039989	0.1061901416	0.05510391199	0.9943790305	0.09040963723	-0.1114373651	-0.08385679653	0.9902271211
1.85	1069.27455	-4.02577	367.861	-4.96936	6.48407	3.10214	0.33435	0.9921473145	-0.06368043273	0.1076499367	0.05376994336	0.9942519539	0.09258426039	-0.1129269657	-0.08606889431	0.9898684993
1.86	1069.42224	-3.8483	368.78399	-5.12976	6.51649	3.02547	0.37356	0.9921544102	-0.0627015896	0.1081579261	0.05243887877	0.9940709413	0.09525296694	-0.1134891638	-0.08883397086	0.9895598695
1.87	1069.59776	-3.7626	369.75057	-5.28598	6.57117	2.95218	0.46566	0.9921120598	-0.06181220487	0.1090546295	0.05116411868	0.9938828043	0.09787340895	-0.1144372922	-0.09152170534	0.9892056832
1.88	1069.80038	-3.66019	370.82532	-5.43016	6.64177	2.87267	0.47381	0.9920405196	-0.06082318644	0.1102549206	0.04978020002	0.9937127638	0.1002839705	-0.1156613125	-0.09399725021	0.9888311169
1.89	1070.06011	-3.59002	371.8778	-5.50885	6.75893	2.79328	0.45707	0.9918702431	-0.05979251196	0.1123311019	0.04839393775	0.9936481293	0.1015943996	-0.1176921736	-0.09533231744	0.9884636066
1.9	1070.328	-3.61296	372.98319	-5.53494	6.90751	2.69586	0.38313	0.9916428957	-0.05840222054	0.1150371592	0.04669287996	0.9936903997	0.1019762941	-0.1202669627	-0.09575265132	0.9881129933
1.91	1070.65911	-3.63347	374.09072	-5.56096	7.05863	2.61073	0.3978	0.9913908484	-0.05723146885	0.1177656348	0.04520484098	0.9937181852	0.1023752449	-0.1228849385	-0.09617030414	0.9877502541
1.92	1071.06829	-3.68525	375.21684	-5.65764	7.23233	2.54803	0.38868	0.9910629937	-0.05663906904	0.1207731692	0.04410314908	0.9935930926	0.1040561318	-0.1258930291	-0.09779970444	0.9872113062
1.93	1071.46232	-3.73201	376.33408	-5.76536	7.43475	2.51363	0.40692	0.9906387712	-0.05662124668	0.12421296	0.04348833597	0.9934142296	0.1060044011	-0.1293970233	-0.09961025476	0.9865770155
1.94	1071.90714	-3.7961	377.43026	-5.8909	7.63695	2.48888	0.45117	0.9901950779	-0.05682297959	0.1276121341	0.04304030838	0.9931884708	0.1082783137	-0.1328955968	-0.1017241877	0.9858960138
1.95	1072.43175	-3.76206	378.51486	-6.03739	7.88562	2.49591	0.45438	0.9896042311	-0.05772276032	0.1317252777	0.04313627752	0.99288167	0.1110191467	-0.1371959453	-0.1041828792	0.9850498466
1.96	1073.01381	-3.74718	379.77619	-6.1624	8.14111	2.51252	0.41812	0.9889706598	-0.05877133302	0.1359520666	0.04339591069	0.9925994435	0.1134157826	-0.1416115424	-0.1062651176	0.9842021621
1.97	1073.65995	-3.72289	381.09173	-6.26203	8.44245	2.55022	0.39274	0.988184167	-0.060227733	0.1409420884	0.04401288477	0.9923364277	0.1154611637	-0.1468159326	-0.107893626	0.9832619424
1.98	1074.32824	-3.58828	382.45999	-6.39615	8.71528	2.61008	0.386	0.9874280648	-0.06211791192	0.1453519245	0.04501292307	0.9919757377	0.1181438639	-0.1515244327	-0.1101158519	0.9823007917
1.99	1074.97851	-3.40899	383.89041	-6.56248	8.99788	2.69773	0.38132	0.9865995067	-0.06461286506	0.1498218642	0.04648767674	0.9915055387	0.1214728887	-0.1563979195	-0.1128802217	0.9812225774
2	1075.6849	-3.2057	385.34521	-6.75522	9.26547	2.78174	0.39711	0.9857899586	-0.06711136809	0.1539942268	0.04789825743	0.9909684352	0.1252490214	-0.1610090512	-0.1160931725	0.9801012502
2.01	1076.37852	-3.00393	386.91707	-6.96132	9.51433	2.84099	0.43668	0.9850321321	-0.06920785582	0.157866942	0.04888252133	0.9904152444	0.1291825949	-0.1652942763	-0.1195320727	0.9789738943
2.02	1077.07412	-2.71454	388.49888	-7.14272	9.72241	2.88716	0.42189	0.9843863935	-0.07094971258	0.1610886917	0.04964569859	0.9899223674	0.1326235692	-0.1688749032	-0.1225554764	0.9779884571
2.03	1077.83394	-2.45394	390.21309	-7.30928	9.96587	2.89487	0.41061	0.9836541555	-0.07208281911	0.1650108163	0.04974147241	0.9894961261	0.1357320976	-0.1730615158	-0.1253055609	0.9769074819
2.04	1078.60004	-2.07895	392.10189	-7.45129	10.1569	2.88147	0.40688	0.9830840203	-0.07268543279	0.1681149514	0.04948213867	0.989152195	0.1383092662	-0.176344342	-0.1276509422	0.9760163472
