0	1021.51745	-14.03248	304.02964	0.73148	0.10008	-0.57421	1.35359	0.9998682921	0.009999373805	-0.01278323215	-0.01002087063	0.9999484797	-0.00161869636	0.01276638761	0.00174658228	0.999916981
0.01	1021.70195	-13.63571	303.82847	0.86281	0.08219	-0.50321	1.28545	0.9998480542	0.008760949294	-0.01507030838	-0.00878156263	0.9999605935	-0.001302179978	0.01505830618	0.001434322974	0.9998855885
0.02	1021.75282	-13.39927	303.65727	0.64264	0.07053	-0.48971	1.46711	0.9999005757	0.008533135232	-0.01122605169	-0.008546410208	0.9999628345	-0.001135073392	0.01121594874	0.001230902981	0.9999363417
0.03	1021.08828	-15.88692	304.40353	0.77342	0.09915	-0.50422	1.70905	0.9998701747	0.008776814551	-0.01351300132	-0.008799383811	0.9999599859	-0.001611638577	0.01349831556	0.001730335431	0.9999073964
0.04	1020.65513	-15.26853	304.27495	0.73099	0.09113	-0.42511	0.69926	0.9998910929	0.007399200716	-0.01276926975	-0.007418897276	0.9999713608	-0.001495817438	0.01275783619	0.001590388433	0.9999173507
0.05	1020.87606	-13.99091	303.99464	0.75356	0.14655	-0.29487	1.11036	0.9999002705	0.005112774078	-0.01316467018	-0.005145984545	0.9999836591	-0.002490059157	0.01315172394	0.002557556014	0.9999102415
0.06	1020.14841	-13.21264	303.1852	0.69665	0.14559	-0.18166	1.61432	0.9999210564	0.003139654616	-0.01216649275	-0.003170325447	0.9999918433	-0.002502460109	0.01215853665	0.002540834297	0.9999228541
0.07	1019.98438	-12.82804	303.0856	0.67166	0.16676	-0.13456	2.10244	0.9999285326	0.002314384874	-0.01172916335	-0.002348351517	0.9999930868	-0.002882968811	0.01172240997	0.002910306971	0.9999270549
0.08	1020.00662	-12.81497	303.1157	0.61873	0.12185	-0.13639	2.36503	0.9999388596	0.002357481671	-0.01080367325	-0.002380313521	0.99999496	-0.002100970414	0.0107986658	0.002126558089	0.9999394314
0.1	1020.25933	-13.71438	303.27811	0.4883	0.10002	-0.29767	1.5431	0.999950189	0.005180413242	-0.008531280886	-0.005195109542	0.999985058	-0.001701377844	0.008522339571	0.001745614036	0.9999621606
0.11	1020.89132	-14.44045	303.11274	0.36013	0.05791	-0.46497	0.56367	0.9999473187	0.00810881162	-0.006293404832	-0.008115008046	0.9999666123	-0.0009596795589	0.006285412849	0.001010700033	0.9999797358
0.12	1020.81667	-14.54054	303.26261	0.42216	0.06045	-0.45471	0.41767	0.9999413653	0.007928325528	-0.00737615217	-0.007935887915	0.9999680138	-0.0009965448138	0.007368015303	0.001055022699	0.9999722993
0.13	1020.82005	-14.54724	303.25678	0.41486	0.05811	-0.4528	0.39674	0.9999425599	0.007895421252	-0.00724839491	-0.007902561431	0.9999683164	-0.0009569581501	0.007240609667	0.001014184068	0.9999732721
0.14	1020.81337	-14.55642	303.27975	0.4124	0.05994	-0.45746	0.39762	0.9999422238	0.00797656439	-0.007205794899	-0.007983891551	0.9999676395	-0.0009886498992	0.007197675686	0.001046123064	0.9999735492
0.15	1020.83803	-14.58068	303.27805	0.41615	0.06017	-0.4521	0.40767	0.9999424931	0.00788292008	-0.007271180086	-0.00789034354	0.9999683779	-0.0009928217032	0.007263123822	0.001050136718	0.9999730718
0.16	1020.81857	-14.57167	303.25622	0.41419	0.06313	-0.44598	0.39443	0.9999435781	0.007775771305	-0.007237269217	-0.007783537416	0.9999691612	-0.001045524779	0.007228916267	0.001101797344	0.999973264
0.17	1020.84716	-14.57645	303.28641	0.41072	0.06719	-0.44816	0.3999	0.9999437171	0.007813376463	-0.007177303202	-0.007821586852	0.9999687875	-0.00111658127	0.007168354911	0.001172656326	0.9999736194
0.18	1020.80719	-14.54796	303.25437	0.42161	0.05709	-0.44566	0.39963	0.999942677	0.007770820286	-0.007365940225	-0.007777945331	0.9999693103	-0.000939143283	0.007358416253	0.0009963813288	0.9999724301
0.19	1020.82162	-14.58495	303.29287	0.42437	0.06096	-0.44648	0.40367	0.99994221	0.007784582752	-0.007414647773	-0.007792253438	0.9999691337	-0.001006204662	0.007406586027	0.001063923328	0.9999720049
0.2	1020.83793	-14.56871	303.27294	0.42376	0.05992	-0.44011	0.42915	0.9999431489	0.007673554379	-0.007403750679	-0.007681082947	0.999970011	-0.0009889598945	0.00739593981	0.001045772494	0.9999721028
0.21	1020.83501	-14.57119	303.27954	0.42318	0.05941	-0.43926	0.40727	0.9999433376	0.007658795922	-0.007393545504	-0.007666249065	0.9999701334	-0.0009802464227	0.007385817177	0.001036871641	0.9999721869
0.22	1020.83547	-14.57991	303.27072	0.42126	0.06678	-0.44178	0.40153	0.9999432463	0.007701864846	-0.007361070971	-0.007710230766	0.999969661	-0.001108806481	0.007352307765	0.001165499108	0.9999722922
0.23	1020.85159	-14.57411	303.28147	0.42268	0.07123	-0.43583	0.41054	0.9999438591	0.007597418329	-0.007386328146	-0.00760638814	0.9999703665	-0.00118704724	0.007377090769	0.001243163877	0.9999720161
0.24	1020.85539	-14.58958	303.29183	0.42609	0.07168	-0.44053	0.40205	0.999942791	0.007679313881	-0.007445998099	-0.007688410594	0.9999697311	-0.001193837495	0.007436604864	0.001251017087	0.9999715655
0.25	1020.85101	-14.60597	303.27545	0.4256	0.06376	-0.43156	0.40905	0.999944046	0.007523801172	-0.007436219533	-0.007531863902	0.9999710766	-0.001056841542	0.007428052986	0.001112791	0.9999717925
0.26	1020.8506	-14.59708	303.28022	0.42925	0.06339	-0.42594	0.39846	0.9999443047	0.007425694013	-0.007499768826	-0.007433778318	0.9999718172	-0.001050639835	0.007491755732	0.001106332939	0.9999713244
0.27	1020.85148	-14.59562	303.27125	0.42168	0.05333	-0.42974	0.39668	0.9999447906	0.007493454315	-0.007366408918	-0.007500104477	0.9999714905	-0.0008755582503	0.00735963795	0.0009307587477	0.9999724843
0.28	1020.85496	-14.58589	303.29381	0.41854	0.05877	-0.42135	0.41029	0.9999462799	0.007346382065	-0.007312177811	-0.007353682313	0.9999724889	-0.0009719832368	0.007304836085	0.001025702454	0.9999727933
0.29	1020.84233	-14.58834	303.28478	0.41242	0.05501	-0.41815	0.38933	0.9999474636	0.007291115439	-0.007204836613	-0.007297840418	0.9999729586	-0.0009075485329	0.007198024743	0.0009600806014	0.999973633
0.3	1020.83343	-14.57111	303.31103	0.42046	0.05027	-0.41224	0.39238	0.9999471912	0.007188442134	-0.007344465366	-0.007194689502	0.9999737779	-0.0008245556741	0.007338345508	0.0008773532781	0.9999726891
0.31	1020.83658	-14.56035	303.33513	0.41001	0.04972	-0.40653	0.41063	0.999949225	0.007089015175	-0.00716193765	-0.007095045807	0.9999744961	-0.000816982583	0.007155963391	0.0008677553764	0.9999740193
0.32	1020.82455	-14.53173	303.31506	0.41435	0.04492	-0.40165	0.40597	0.9999492807	0.007004385838	-0.007237024707	-0.007009874219	0.9999751617	-0.0007332878776	0.007231708721	0.0007839813187	0.9999735435
0.33	1020.79305	-14.52747	303.35115	0.40338	0.02465	-0.39412	0.40392	0.9999515596	0.006875607955	-0.007043043119	-0.00687846693	0.9999762702	-0.0003817861399	0.007040250977	0.0004302129852	0.9999751246
0.34	1020.7909	-14.51634	303.31145	0.4016	0.02552	-0.38797	0.39267	0.9999525104	0.006768179606	-0.00701203949	-0.006771135819	0.9999769964	-0.0003979364952	0.007009184883	0.0004453970691	0.9999753362
0.35	1020.79095	-14.47386	303.3338	0.38173	0.02569	-0.39386	0.39915	0.9999541796	0.006871111781	-0.006665320158	-0.00687394709	0.9999762931	-0.0004025665062	0.006662396065	0.0004483651186	0.9999777055
0.36	1020.77473	-14.43622	303.35204	0.37826	0.03612	-0.39711	0.38866	0.9999541897	0.006926658344	-0.006606043873	-0.006930670464	0.9999758117	-0.0005846416153	0.006601834472	0.0006303991459	0.9999780089
0.37	1020.78408	-14.425	303.34515	0.36466	0.02861	-0.39831	0.4097	0.9999555832	0.006948586131	-0.006367791384	-0.006951624152	0.9999757336	-0.0004550822858	0.006364474682	0.0004993285649	0.9999796219
0.38	1020.77819	-14.40636	303.36191	0.37065	0.0214	-0.39586	0.41553	0.9999552087	0.006906588804	-0.006471443419	-0.006908860843	0.9999760795	-0.0003287970612	0.006469017752	0.000373492636	0.9999790059
0.39	1020.7844	-14.41586	303.35762	0.37336	0.01603	-0.3922	0.42795	0.9999553409	0.006843304534	-0.006518077362	-0.006844982538	0.9999765452	-0.0002351647119	0.006516315178	0.0002797703354	0.9999787295
0.4	1020.7803	-14.39731	303.38353	0.36263	0.01275	-0.39264	0.41072	0.9999564911	0.006851398602	-0.006330421396	-0.006852669886	0.9999765041	-0.0001791525275	0.006329045212	0.0002225250208	0.9999799466
0.41	1020.76886	-14.41829	303.40156	0.36178	0.00836	-0.38522	0.39318	0.9999574639	0.006722385337	-0.006315048425	-0.006723172663	0.9999773939	-0.0001034538558	0.00631421021	0.0001459066163	0.9999800545
0.42	1020.76641	-14.48416	303.41493	0.37476	0.00738	-0.37986	0.41961	0.9999566324	0.006628916609	-6.54E-03	-0.006629617312	0.9999780202	-8.54E-05	0.006540749267	0.0001288025432	0.9999786008
0.43	1020.7779	-14.53783	303.44578	0.3691	0.00214	-0.36937	0.40605	0.9999584707	0.006446437396	-6.44E-03	-0.006446544237	0.9999792208	4.18E-06	6.44E-03	3.73E-05	0.9999792496
0.44	1020.79959	-14.63891	303.46962	0.3943	0.002	-0.3593	0.41199	0.9999566583	0.006270686683	-6.88E-03	-0.006270778408	0.9999803384	8.25E-06	6.88E-03	3.49E-05	0.9999763197
0.45	1020.87005	-14.69394	303.5028	0.39687	0.00032	-0.35473	0.40176	0.9999568456	0.006191128218	-6.93E-03	-0.006191018381	0.9999808348	3.73E-05	6.93E-03	5.58E-06	0.9999760106
0.46	1020.92967	-14.78233	303.56972	0.4257	0.0262	-0.35358	0.41168	0.9999533578	0.006167697949	-0.007432477913	-0.00617092567	0.999980875	-0.0004114175473	0.007429798268	0.0004572636267	0.9999722941
0.47	1021.03761	-14.89125	303.58176	0.44689	0.0373	-0.3312	0.41926	0.9999528758	0.005775419535	-0.007803253998	-0.005780322462	0.9999831102	-0.0006059111917	0.007799622812	0.000650987963	0.9999693706
0.48	1021.15986	-15.03043	303.64952	0.46703	0.05691	-0.32072	0.41403	0.9999511129	0.005589491874	-0.008156549121	-0.005597404788	0.9999838854	-0.0009476245362	0.008151120942	0.0009932337167	0.9999662858
0.49	1021.29447	-15.22774	303.6703	0.50885	0.06992	-0.30341	0.41558	0.9999465426	0.005284637168	-0.008887322269	-0.005295269897	0.9999852916	-0.001173287735	0.008880991151	0.001220285784	0.9999598186
0.5	1021.40464	-15.38814	303.74374	0.53593	0.10246	-0.28335	0.42246	0.9999440262	0.004928635862	-0.009362320953	-0.004945153938	0.9999862554	-0.001741984556	0.009353606664	0.001788185169	0.9999546552
0.51	1021.54073	-15.52967	303.82636	0.56917	0.11998	-0.27473	0.41989	0.9999391642	0.00477411274	-0.009943631932	-0.004794688095	0.9999864115	-0.002046389065	0.009933727121	0.002093941185	0.9999484669
0.52	1021.68871	-15.71593	303.88215	0.60955	0.13491	-0.25852	0.4249	0.9999332315	0.004486948088	-0.01064894007	-0.004511754538	0.9999871618	-0.002306596875	0.01063845377	0.00235448827	0.9999406381
0.53	1021.8619	-15.89085	303.93963	0.63073	0.16417	-0.23869	0.44959	0.9999307322	0.004134355992	-0.01101988875	-0.004165661925	0.999987349	-0.002819419665	0.01100809286	0.002865129501	0.9999353044
0.54	1022.00842	-16.0859	304.0262	0.65405	0.20464	-0.2221	0.4351	0.9999273332	0.003835571659	-0.01142876445	-0.003876113999	0.9999862666	-0.003527358609	0.01141507805	0.003571401481	0.999928468
0.55	1022.19161	-16.29869	304.08553	0.6857	0.24005	-0.19017	0.43995	0.9999228799	0.003268918311	-0.01198117186	-0.003318848857	0.9999858817	-0.004149906925	0.011967437	0.004189350582	0.9999196117
0.56	1022.369	-16.51658	304.14847	0.71815	0.26006	-0.15153	0.44114	0.9999179525	0.002587777988	-0.01254558487	-0.00264448659	0.9999863525	-0.004505724188	0.01253375384	0.004538531136	0.9999111494
0.57	1022.5466	-16.79839	304.24989	0.78012	0.27334	-0.11433	0.46183	0.9999053176	0.001930457275	-0.01362457937	-0.001995248649	0.9999867591	-0.004743487381	0.01361524187	0.00477022268	0.9998959297
0.58	1022.74655	-17.08306	304.4037	0.82715	0.26931	-0.06815	0.4529	0.9998950884	0.001121574615	-0.01444141054	-0.00118931766	0.9999883267	-0.004683154999	0.01443598946	0.004699839106	0.9998847502
0.59	1022.96327	-17.44719	304.49495	0.87699	0.28594	-0.00379	0.47032	0.9998828577	-1.02E-05	-0.01530590482	-6.61E-05	0.9999875499	-0.004989561303	0.01530576534	0.004989989151	0.9998704084
0.6	1023.1706	-17.77127	304.61639	0.9025	0.28983	0.06199	0.49264	0.999875361	-0.001161591127	-0.0157452615	0.001081795175	0.9999865344	-0.00507550443	0.01575094515	0.005057838676	0.9998631536
0.61	1023.35673	-18.14268	304.64741	0.94287	0.33105	0.14187	0.49917	0.9998615349	-0.002571132039	-0.01644081148	0.002475760816	0.999980007	-0.005818607206	0.01645544319	0.005777098015	0.9998479102
0.62	1023.63305	-18.56084	304.65409	1.04257	0.38865	0.22742	0.4653	0.9998265762	-0.004092546721	-0.01816778925	0.003968560268	0.999968627	-0.006855336026	0.01819527505	0.006782047181	0.9998114501
0.63	1023.86275	-18.92306	304.83547	1.11097	0.44182	0.29569	0.458	0.999798704	-0.005310095964	-0.01934823955	0.005159771032	0.9999561808	-0.007811092554	0.01938886938	0.007709687726	0.9997822925
0.64	1024.10993	-19.30921	305.05544	1.2364	0.50288	0.35579	0.44626	0.9997479013	-0.006398806259	-0.02152182803	0.006208221284	0.9999410277	-0.00891061424	0.02157757613	0.008774755615	0.9997286691
0.65	1024.36103	-19.68784	305.24791	1.35277	0.55841	0.40129	0.42599	0.9996967701	-0.007233519291	-0.02353813843	0.007001822473	0.9999263702	-0.009911037685	0.02360809701	0.009743222496	0.9996738105
0.66	1024.57387	-20.04597	305.36022	1.42855	0.58515	0.44957	0.42035	0.9996584175	-0.008100582954	-0.0248481181	0.007843957476	0.9999150703	-0.01040790516	0.02493031786	0.01020944241	0.9996370574
0.67	1024.82757	-20.43528	305.45974	1.48043	0.60157	0.50442	0.43124	0.9996274675	-0.009074432041	-0.02574064633	0.008800737488	0.9999037431	-0.01072621227	0.0258355029	0.01049567973	0.9996111081
0.68	1025.02508	-20.79534	305.55342	1.49709	0.60125	0.54916	0.45326	0.9996127365	-0.009858120697	-0.0260229622	0.009581231731	0.9998963831	-0.01074351018	0.0261261766	0.01049001758	0.9996036127
0.69	1025.23388	-21.14523	305.63462	1.53411	0.59245	0.58573	0.47901	0.999589329	-0.01049900172	-0.02666353804	0.01021907477	0.9998914599	-0.01061314786	0.02677207144	0.01033631266	0.9995881236
0.7	1025.42555	-21.41757	305.74706	1.58873	0.62337	0.61142	0.48761	0.999558672	-0.01097207915	-0.0276056992	0.01066698748	0.9998806618	-0.01117486348	0.02772501627	0.01087546205	0.9995564255
0.71	1025.61104	-21.68821	305.92079	1.65873	0.68002	0.62962	0.43835	0.9995206168	-0.01133146931	-0.02881205226	0.01098411626	0.9998654205	-0.01218565268	0.0289462561	0.01186333615	0.999510568
0.72	1025.79334	-21.89814	306.10529	1.72523	0.7187	0.65159	0.41705	0.9994820642	-0.01174886177	-0.02995943395	0.01136699074	0.9998523747	-0.01288488864	0.03010639395	0.01253766649	0.9994680645
0.73	1025.93662	-22.10171	306.29482	1.76792	0.74133	0.67553	0.39598	0.9994545198	-0.01218809574	-0.03069386064	0.01178433741	0.9998420927	-0.01330109189	0.03085112884	0.01293212959	0.9994403273
0.74	1026.00971	-22.25481	306.45463	1.76771	0.70233	0.70205	0.38146	0.9994490713	-0.01262994636	-0.03069264197	0.01224694636	0.9998451766	-0.01263468253	0.03084746539	0.01225183058	0.9994490115
0.75	1026.09238	-22.37714	306.59162	1.74123	0.62125	0.72278	0.41132	0.9994587236	-0.01294324786	-0.03024454002	0.01260873146	0.9998574988	-0.01122506011	0.03038551887	0.01083763896	0.9994794975
0.76	1026.15425	-22.42257	306.77551	1.67276	0.53174	0.74196	0.4202	0.9994900416	-0.01321960934	-0.02906714222	0.01294376467	0.9998695855	-0.009657688946	0.02919102232	0.009276525678	0.9995308051
0.77	1026.19524	-22.46826	306.94121	1.6233	0.43482	0.77988	0.42164	0.9995060802	-0.01382562294	-0.02822140587	0.01360559105	0.9998756452	-0.007973829525	0.02832813957	0.007585922185	0.9995698927
0.78	1026.14737	-22.38517	307.1406	1.59019	0.35855	0.79781	0.41492	0.9995179753	-0.01409732991	-0.02766012086	0.01391859896	0.9998810604	-0.006643619695	0.02775048827	0.006255427177	0.9995953081
0.79	1026.09866	-22.27561	307.29727	1.53625	0.27462	0.82592	0.39502	0.9995367059	-0.01454284284	-0.02673722592	0.01440934303	0.9998827678	-0.005178947294	0.02680940808	0.004791282058	0.9996290808
0.8	1026.04803	-22.15497	307.43899	1.49267	0.18724	0.84242	0.37515	0.9995526152	-0.01478751223	-0.02599805772	0.01469748389	0.999885322	-0.003650578996	0.0260490593	0.003266839748	0.9996553277
0.81	1025.9423	-21.9516	307.51997	1.43238	0.07988	0.84647	0.3986	0.9995784277	-0.01480798317	-0.02497379467	0.01476853483	0.9998893845	-0.001763302624	0.02499714313	0.001393732909	0.999686551
0.82	1025.83805	-21.70118	307.54213	1.3623	-0.04683	0.84102	0.39454	0.9996096517	-0.01465860647	-0.023783808	0.01467389222	0.999892223	0.0004682883373	0.0237743802	-0.0008171065768	0.9997170156
0.83	1025.70406	-21.37543	307.6351	1.26421	-0.17275	0.82786	0.41226	0.9996522281	-0.01438180068	-0.02210399598	0.01444486306	0.999892033	0.002695966195	0.02206283663	-0.003014317809	0.9997520418
0.84	1025.53119	-21.03694	307.72126	1.12507	-0.30827	0.79843	0.40062	0.9997101414	-0.01382894816	-0.01970769667	0.01393209494	0.9998899058	0.005106173861	0.01963491396	-0.005379263294	0.9997927454
0.85	1025.28652	-20.69012	307.80572	1.00811	-0.42649	0.77556	0.42121	0.9997536177	-0.01340433726	-0.01769258559	0.01353356707	0.9998824601	0.007204765163	0.01759393091	-0.007442433831	0.9998175152
0.86	1025.03749	-20.20712	307.88819	0.87014	-0.53923	0.7526	0.44066	0.9997984252	-0.01299148027	-0.01530785745	0.01313345554	0.9998713273	0.009210926345	0.01518622418	-0.009410114719	0.9998404014
0.87	1024.68278	-19.66279	308.09264	0.70903	-0.66825	0.72939	0.52709	0.9998424094	-0.01258473546	-0.01252121556	0.01272893848	0.9998528002	0.01150443651	0.01237459215	-0.0116620053	0.9998554231
0.88	1024.31367	-19.15026	308.15292	0.57307	-0.80089	0.70643	0.50071	0.9998739769	-0.01218822104	-0.01017238859	0.01232860036	0.9998280304	0.01385334763	0.01000179158	-0.0139770131	0.9998522927
0.89	1023.851	-18.58545	308.0973	0.43782	-0.98732	0.68666	0.61522	0.9998989937	-0.01185075246	-0.007846144193	0.01198384108	0.9997813086	0.01713833303	0.007641326166	-0.0172306289	0.999822342
0.9	1023.46746	-18.06923	308.1474	0.31377	-1.15482	0.66654	0.62127	0.9999173397	-0.01152033039	-0.005709262565	0.01163288076	0.999730518	0.02008898982	0.005476292221	-0.02015374443	0.9997818946
0.91	1023.03368	-17.48106	308.29837	0.18291	-1.31345	0.62791	0.61482	0.9999348544	-0.01088282684	-0.003442545484	0.0109588217	0.9996780234	0.02288566717	0.003192376312	-0.02292190251	0.9997321617
0.92	1022.62811	-16.87255	308.44223	0.03493	-1.48031	0.57285	0.6248	0.9999498334	-0.009978866968	-0.0008676907348	0.00999795019	0.9996164552	0.02582602488	0.00060964347	-0.0258334044	0.999666076
0.93	1022.18178	-16.21233	308.58011	-0.1194	-1.61063	0.51453	0.63027	0.9999575066	-0.009035144631	0.001830609169	0.0089801024	0.9995640854	0.02812466755	-0.002083921619	-0.02810703338	0.9996027471
0.94	1021.84124	-15.50929	308.85606	-0.28537	-1.6394	0.4468	0.48156	0.9999571917	-0.00793734665	0.004755340784	0.007797955341	0.9995591741	0.0286469771	-0.004980625494	-0.02860866884	0.9995782798
0.95	1021.40303	-14.79405	309.09991	-0.44476	-1.70956	0.37978	0.46035	0.9999479046	-0.006856984808	0.007561078774	0.006628163195	0.9995314033	0.02988379777	-0.007762448424	-0.02983212489	0.9995247814
0.96	1021.00318	-14.04906	309.47827	-0.62652	-1.78343	0.32366	0.45314	0.999924261	-0.005986464793	0.01075334439	0.005648564896	0.9994977328	0.03118294154	-0.01093461892	-0.03111983881	0.9994558468
0.97	1020.59819	-13.35538	309.78806	-0.81497	-1.88854	0.28162	0.50286	0.9998867636	-0.005381238021	0.0140535517	0.004914679238	0.9994424506	0.03302474757	-0.01422343018	-0.03295193927	0.9993557243
0.98	1020.17283	-12.62188	310.08006	-1.00996	-1.96762	0.22645	0.5719	0.9998368371	-0.004555143516	0.01747998371	0.003951673799	0.9994001928	0.03440405245	-0.01762621449	-0.03432936379	0.9992551283
0.99	1019.7549	-11.94044	310.35393	-1.21707	-1.97618	0.14515	0.64982	0.9997711916	-0.003264283706	0.02114022072	0.002532771177	0.9994001871	0.03453767578	-0.02124028131	-0.03447622993	0.9991797836
1	1019.3502	-11.2348	310.79788	-1.42031	-1.89238	0.07209	0.58081	0.999691975	-0.002076028406	0.02473146053	0.001257820962	0.9994527956	0.0330534006	-0.02478654717	-0.03301211158	0.9991475504
1.01	1018.98427	-10.57191	311.13275	-1.60524	-1.79817	-0.002	0.56568	0.9996075567	-0.0008441277432	0.02800035885	-3.49E-05	0.9995075932	0.03137785792	-0.0280130582	-0.0313665209	0.9991153136
1.02	1018.51987	-9.77407	311.6019	-1.78381	-1.68081	-0.07719	0.49958	0.9995144891	0.0004336010593	0.03115442285	-0.001346566374	0.9995700631	0.0292895159	-0.03112832845	-0.02931724702	0.9990853448
1.03	1018.12487	-9.11865	312.04498	-1.96269	-1.60831	-0.1269	0.47833	0.9994108898	0.001252705541	0.03429729015	-0.002213521665	0.9996057321	0.02799072504	-0.03424870369	-0.02805015321	0.999019627
1.04	1017.80113	-8.52928	312.48603	-2.16034	-1.57575	-0.13212	0.4511	0.9992865922	0.001268468946	0.03774516701	-0.002304288024	0.9996215758	0.02741159419	-0.03769611257	-0.02747901428	0.9989113609
1.05	1017.44075	-7.92997	312.89308	-2.36908	-1.53483	-0.12758	0.45579	0.9991428061	0.001118711026	0.04138117344	-0.002224786031	0.9996412145	0.02669255646	-0.04133646522	-0.02676174002	0.9987868171
1.06	1017.16404	-7.39038	313.26818	-2.56375	-1.50518	-0.106	0.44652	0.9989973606	0.0006744492362	0.04476403361	-0.001848196184	0.9996554173	0.02618455448	-0.04473094854	-0.02624103353	0.9986543698
1.07	1016.94588	-6.89338	313.66869	-2.78294	-1.48571	-0.05721	0.44826	0.9988201403	-0.000260680008	0.04856191234	-0.0009973251032	0.9996645812	0.02587914911	-0.04855236994	-0.02589704736	0.9984848573
1.08	1016.78093	-6.43132	314.13183	-2.95364	-1.43414	-0.00871	0.46525	0.9986715431	-0.001137662383	0.05151557664	-0.0001518162294	0.9996869388	0.0250200203	-0.05152791345	-0.02499460319	0.9983587251
1.09	1016.67297	-6.00055	314.66892	-3.07313	-1.34782	0.01605	0.45093	0.9985618827	-0.001541059893	0.05358909956	0.0002797224992	0.9997229334	0.02353673979	-0.05361052334	-0.02348790112	0.9982856456
1.1	1016.65755	-5.71729	315.17518	-3.17014	-1.28043	0.0407	0.44999	0.9984694684	-0.001945923079	0.05527145873	0.0007092619132	0.9997491701	0.02238512691	-0.05530115473	-0.02231166382	0.9982204025
1.11	1016.73682	-5.45005	315.57016	-3.26647	-1.21964	0.06365	0.4004	0.9983747166	-0.002323471188	0.05694318879	0.001109096994	0.9997714818	0.0213483976	-0.05697977862	-0.02125054488	0.9981491468
1.12	1016.8926	-5.179	315.94287	-3.38749	-1.1364	0.07492	0.41505	0.9982518997	-0.002479220286	0.05905081029	0.001305315602	0.9998009271	0.01990985313	-0.05908841579	-0.01979796877	0.998056411
1.13	1017.14345	-5.00614	316.24769	-3.498	-1.03614	0.07905	0.42147	0.9981359788	-0.002482770593	0.06097871459	0.00137711189	0.9998340141	0.01816721739	-0.06101369802	-0.0180493788	0.9979737214
1.14	1017.5111	-4.86644	316.51425	-3.61288	-0.93807	0.07933	0.41752	0.9980116314	-0.002416041946	0.06298369908	0.001381817544	0.9998635883	0.01645889974	-0.06301487276	-0.0163391414	0.9978788295
1.15	1017.96648	-4.75805	316.87613	-3.68117	-0.81882	0.10966	0.43657	0.9979349449	-0.002831249558	0.06417031922	0.001909978023	0.9998942965	0.01441346223	-0.0642043443	-0.01426113373	0.9978348672
1.16	1018.5018	-4.69473	317.24288	-3.72643	-0.6609	0.13646	0.42485	0.9978829138	-0.003131179111	0.06496065065	0.002376638577	0.9999288525	0.01168937348	-0.06499263039	-0.01151023808	0.9978193586
1.17	1019.11092	-4.6993	317.59309	-3.74681	-0.50418	0.17936	0.39127	0.9978576738	-0.003705318561	0.06531717608	0.003123726364	0.9999545841	0.009004001604	-0.06534757233	-0.008780679111	0.9978239296
1.18	1019.80795	-4.73499	317.82643	-3.77499	-0.36509	0.21199	0.39531	0.9978234724	-0.004119357649	0.06581298391	0.003691887342	0.999971302	0.006615527176	-0.06583834693	-0.006358154176	0.997810045
1.19	1020.58802	-4.88868	318.08727	-3.80565	-0.22103	0.2653	0.39981	0.9977842316	-0.004886348608	0.06635322657	0.004620131723	0.9999806535	0.004164974455	-0.06637229438	-0.00384918519	0.9977875036
1.2	1021.46117	-5.03678	318.33242	-3.85024	-0.05637	0.30515	0.42918	0.9977288218	-0.005391907326	0.06714257581	0.00531382645	0.9999849818	0.001341452054	-0.06714880044	-0.000981621382	0.9977424893
1.21	1022.38174	-5.14999	318.66964	-3.8783	0.14296	0.35906	0.41933	0.9976903759	-0.006097958497	0.06765152398	0.006252387157	0.9999783086	-0.002071206391	-0.0676374264	0.002489406203	0.9977068615
1.22	1023.42724	-5.32468	319.02279	-3.85826	0.35265	0.4369	0.42799	0.9977045564	-0.007210985847	0.067332161	0.007607987414	0.9999551444	-0.005641602883	-0.06728845926	0.006140915135	0.9977146648
1.23	1024.51484	-5.56959	319.47666	-3.8313	0.61397	0.51398	0.42327	0.9977249687	-0.008254031791	0.06690857729	0.008950474886	0.9999087757	-0.01011579502	-0.06681897751	0.01069164481	0.9977078295
1.24	1025.70612	-5.85475	319.95562	-3.74864	0.89653	0.60703	0.39897	0.9978044725	-0.009570257832	0.0655335403	0.01057180682	0.9998323037	-0.01495330767	-0.06537944356	0.0156132852	0.9977383192
1.25	1026.93707	-6.16886	320.41055	-3.67451	1.1686	0.71814	0.39303	0.997865842	-0.01122402515	0.0643255982	0.01250781315	0.9997298604	-0.01958981233	-0.06408834476	0.02035257714	0.997736667
1.26	1028.18959	-6.49331	320.85776	-3.62493	1.47663	0.80727	0.38101	0.9979002561	-0.01245528452	0.06356056015	0.01406086551	0.9995916509	-0.02487616345	-0.06322476556	0.02571764636	0.9976678965
1.27	1029.52718	-6.81768	321.33895	-3.54135	1.76236	0.89474	0.41557	0.9979687832	-0.01370872124	0.06221236722	0.0155857061	0.9994347717	-0.02978628768	-0.06176887112	0.03069540895	0.9976183631
1.28	1030.8914	-7.09391	321.90435	-3.48275	2.08528	0.97741	0.42229	0.9980079001	-0.01483678396	0.06131966309	0.01702669104	0.9992300758	-0.03534610771	-0.06074802903	0.03631976569	0.9974921311
1.29	1032.26803	-7.41224	322.45913	-3.41525	2.38727	1.05701	0.40831	0.9980541445	-0.01595027534	0.06027863132	0.0184144961	0.9990078669	-0.04054859165	-0.05957206569	0.04157969057	0.9973576582
1.3	1033.70531	-7.64461	323.11016	-3.31936	2.71693	1.11114	0.39473	0.9981345851	-0.01662593651	0.05874460155	0.01935930237	0.9987413074	-0.04627113999	-0.05790135912	0.04732207962	0.997200107
1.31	1035.13364	-7.96111	323.69582	-3.22621	2.97886	1.18674	0.40362	0.9982009675	-0.01775904249	0.05726643788	0.020678215	0.9984951424	-0.05079234307	-0.05627823666	0.05188513371	0.9970660424
1.32	1036.56933	-8.23043	324.26028	-3.13074	3.20668	1.23822	0.37655	0.9982743522	-0.01852118931	0.05572506951	0.02157708206	0.998267123	-0.05474651299	-0.05461453429	0.05585442419	0.9969440987
1.33	1038.01776	-8.40801	324.87848	-3.06048	3.4118	1.30855	0.40329	0.9983133185	-0.01961952679	0.05464057376	0.02280394961	0.9980398271	-0.0582793566	-0.05339005539	0.05942707877	0.9968038545
1.34	1039.40404	-8.56462	325.5385	-2.98071	3.57429	1.35998	0.41426	0.9983657907	-0.02044684316	0.05336360652	0.02370179035	0.9978506035	-0.06109335733	-0.05199974067	0.06225833102	0.9967045335
1.35	1040.82985	-8.68261	326.18264	-2.90676	3.71724	1.40805	0.41267	0.9984118168	-0.02123422083	0.05218191242	0.02454101936	0.9976756258	-0.06356952082	-0.05071077289	0.06474915809	0.9966122436
1.36	1042.22621	-8.85196	326.91059	-2.83933	3.88185	1.46048	0.43144	0.9984479113	-0.02207653235	0.05113115574	0.02545613524	0.9974671349	-0.06641761834	-0.04953537671	0.06761613392	0.9964809606
1.37	1043.58696	-8.92336	327.61296	-2.76921	4.001	1.51633	0.3786	0.9984824769	-0.02302756339	0.05002474059	0.02643096085	0.9973027123	-0.06847411475	-0.04831301746	0.06969240566	0.996397923
1.38	1044.92002	-8.96525	328.40394	-2.70753	4.13868	1.5848	0.38306	0.9985015897	-0.02417645084	0.04909251143	0.02762557756	0.9971050588	-0.07084016626	-0.0472377277	0.0720902276	0.9962788747
1.39	1046.23629	-8.96585	329.19589	-2.65721	4.26763	1.66908	0.38216	0.9985009571	-0.02559759827	0.04837976565	0.02909550367	0.9969047205	-0.07303718122	-0.04636044033	0.074335329	0.9961550926
1.4	1047.494	-8.99394	330.07494	-2.62372	4.35974	1.76726	0.37799	0.9984765488	-0.0272721727	0.04796675951	0.03080728611	0.9967394541	-0.07457460594	-0.04577655015	0.07593872085	0.9960611518
1.41	1048.68658	-8.95051	330.83678	-2.56419	4.4126	1.8832	0.44135	0.998459162	-0.029324461	0.0471102722	0.03282921889	0.9966104674	-0.0754308867	-0.0447386203	0.07686125336	0.9960375513
1.42	1049.84855	-8.96692	331.65186	-2.53057	4.47974	1.99675	0.43171	0.9984182035	-0.03128986327	0.04671226072	0.03480882952	0.9964598335	-0.07652545671	-0.04415242047	0.07803040813	0.9959728004
1.43	1050.90935	-8.94452	332.41648	-2.50193	4.55014	2.09042	0.41325	0.9983818928	-0.03290089883	0.04638024319	0.03644184667	0.9963112167	-0.07769138468	-0.04365304013	0.0792558534	0.9958980479
1.44	1051.97057	-8.9198	333.22656	-2.49104	4.61303	2.18502	0.3867	0.9983286365	-0.03451003459	0.04635721228	0.03809052175	0.9961691615	-0.07871539803	-0.04346315417	0.08034960638	0.9958187059
1.45	1052.96573	-8.86579	334.05408	-2.4653	4.67578	2.27153	0.38502	0.9982893959	-0.03599973147	0.04606844272	0.03959860844	0.9960277404	-0.07975393741	-0.04301432658	0.08144175622	0.9957494705
1.46	1053.87524	-8.82356	334.88902	-2.46734	4.72661	2.34566	0.4065	0.9982357963	-0.03724446966	0.04624007408	0.0408901116	0.9959093571	-0.08057636914	-0.04304989831	0.0823249778	0.9956753006
1.47	1054.78842	-8.73652	335.69799	-2.45439	4.77412	2.39763	0.42271	0.9982079925	-0.03812815252	0.04611992684	0.04179594804	0.9958072567	-0.08136956576	-0.04282408662	0.08315137696	0.9956163649
1.48	1055.62465	-8.7056	336.60295	-2.45303	4.81508	2.44562	0.40991	0.9981736501	-0.03893117039	0.04619229673	0.04263205919	0.9957164901	-0.0820437619	-0.0428003719	0.08386319401	0.9955576793
1.49	1056.42375	-8.66601	337.37491	-2.47311	4.84039	2.50806	0.40835	0.9981115508	-0.03996629757	0.04664790701	0.04371916784	0.995638448	-0.08241792981	-0.04315051023	0.08430169541	0.9955055287
1.5	1057.15906	-8.59548	338.16956	-2.49447	4.91315	2.5558	0.40062	0.9980586367	-0.04070464419	0.04713904659	0.04455007882	0.9955008081	-0.08362673907	-0.04352296232	0.08556443743	0.9953815745
1.51	1057.84271	-8.54199	338.94179	-2.52083	5.00475	2.61564	0.40169	0.9979914557	-0.0416287173	0.04775043706	0.04559151318	0.9953246937	-0.08514791806	-0.04398259054	0.08715390938	0.9952234562
1.52	1058.52355	-8.51429	339.65263	-2.56298	5.10456	2.68304	0.4037	0.9979045429	-0.04265080125	0.04865626785	0.04676394326	0.9951283551	-0.08679107372	-0.04471752295	0.0888845657	0.995037626
1.53	1059.14564	-8.46732	340.40142	-2.61126	5.17704	2.74134	0.40497	0.9978184506	-0.04352578105	0.04963714339	0.0477774945	0.994977549	-0.08796015039	-0.04555930902	0.09013979932	0.9948865091
1.54	1059.77359	-8.44938	341.1782	-2.68733	5.28467	2.81714	0.40445	0.9976930757	-0.04462651101	0.05115663493	0.04909450962	0.9947582343	-0.08969829638	-0.04688556183	0.0920028791	0.994654319
1.55	1060.31514	-8.39093	341.89945	-2.72718	5.34681	2.87304	0.41409	0.9976118924	-0.04547675403	0.05198439083	0.05006622783	0.9946196535	-0.09069243446	-0.04758029926	0.09307851353	0.9945212443
1.56	1060.83389	-8.35617	342.68582	-2.72621	5.40911	2.93144	0.41006	0.9975611474	-0.04643545781	0.05211051111	0.05108308098	0.9944735584	-0.09172164718	-0.04756338873	0.09415991707	0.9944202502
1.57	1061.31921	-8.29033	343.55094	-2.7768	5.46756	2.98687	0.39264	0.9974689326	-0.04726033065	0.05312428556	0.05204592488	0.9943385131	-0.09263985721	-0.04844533283	0.09517028206	0.9942814829
1.58	1061.80485	-8.18358	344.31606	-2.87792	5.52693	3.02534	0.3997	0.9973468284	-0.0477032711	0.05498819722	0.05271104725	0.9942190269	-0.09354181962	-0.05020806115	0.09619212258	0.9940956826
1.59	1062.28143	-8.18829	345.08118	-2.97604	5.64083	3.02631	0.42432	0.9972586112	-0.04744282003	0.05678416362	0.05272331532	0.9940391772	-0.09542728247	-0.05191834389	0.09815952855	0.9938154721
1.6	1062.75862	-8.13773	345.77281	-3.06643	5.75947	3.03016	0.42785	0.9971720332	-0.04723404357	0.05845409601	0.05278593076	0.9938446239	-0.09739871144	-0.05349375408	0.100208825	0.9935273573
1.61	1063.19484	-8.03896	346.49322	-3.1473	5.89984	3.04248	0.43031	0.9970842694	-0.04715967723	0.05999103701	0.05299628577	0.9936005632	-0.09974625085	-0.05490312716	0.1026347198	0.9932027794
1.62	1063.6375	-7.9955	347.32636	-3.19192	6.02069	3.06376	0.3942	0.9970215196	-0.04732054322	0.06090037487	0.05336430385	0.9933747875	-0.101778105	-0.05568070172	0.104724867	0.992941268
1.63	1064.09233	-7.92017	348.18657	-3.1997	6.13298	3.10171	0.3868	0.9969783961	-0.04784445529	0.06119628906	0.05402426214	0.9931427142	-0.1036770388	-0.05581627717	0.1066698522	0.9927265917
1.64	1064.51982	-7.8306	349.09175	-3.23517	6.23882	3.15216	0.38676	0.9968957474	-0.0485385521	0.06199094883	0.05490018854	0.992910782	-0.1054236608	-0.05643436963	0.1084997139	0.9924933118
1.65	1064.92699	-7.75053	349.95449	-3.31818	6.30474	3.22778	0.38043	0.9967397425	-0.04961886621	0.06362274619	0.05621119862	0.9927329439	-0.1064030229	-0.05788079877	0.1096324324	0.9922855148
1.66	1065.30163	-7.69395	350.7689	-3.38984	6.39074	3.27311	0.39013	0.9966219055	-0.05016983075	0.0650212698	0.0569955815	0.99254056	-0.1077717054	-0.05912935932	0.1111135675	0.9920471229
1.67	1065.67247	-7.62293	351.55424	-3.46024	6.44196	3.31197	0.46451	0.996509736	-0.05064740166	0.06635651201	0.05766727126	0.9924175544	-0.1085443847	-0.06035587632	0.1119921351	0.9918744527
1.68	1066.06243	-7.53231	352.36029	-3.49283	6.4992	3.33933	0.45635	0.9964476515	-0.05099077316	0.06702252467	0.05814111094	0.9922880971	-0.1094711996	-0.06092363236	0.1129790838	0.9917278042
1.69	1066.43372	-7.41988	353.29599	-3.50865	6.54222	3.35071	0.39749	0.9964192531	-0.05110615849	0.06735601453	0.05833803728	0.99219732	-0.1101868942	-0.06119922823	0.1137217605	0.9916259454
1.7	1066.80679	-7.30537	354.27676	-3.50364	6.56951	3.37318	0.36542	0.9964016359	-0.05147312987	0.06733718749	0.05872911863	0.9921240316	-0.1106381338	-0.0611119509	0.1141946712	0.9915769796
1.71	1067.1213	-7.12669	355.23891	-3.51361	6.56666	3.38011	0.36934	0.9963838946	-0.05157665059	0.06752024595	0.05884900642	0.9921244713	-0.1105704653	-0.06128563406	0.1141441303	0.9915720794
1.72	1067.38404	-6.96099	356.06623	-3.61124	6.56118	3.38633	0.3867	0.9962718075	-0.05149682719	0.06921388886	0.05895091899	0.992140915	-0.1103684463	-0.06298630622	0.1140371938	0.991477808
1.73	1067.60993	-6.79573	356.83544	-3.73616	6.53695	3.40754	0.4024	0.9961104647	-0.05164611942	0.07139061904	0.05931141578	0.9921830809	-0.1097947624	-0.06516209094	0.1136019904	0.9913871543
1.74	1067.79086	-6.55992	357.63271	-3.86858	6.51812	3.40857	0.43895	0.9959564042	-0.05142609901	0.07366272712	0.05932021025	0.9922337462	-0.1093311737	-0.06746816792	0.1132587711	0.991272161
1.75	1067.95087	-6.35327	358.47275	-3.94945	6.48159	3.40366	0.44799	0.9958654321	-0.05122933861	0.07501730441	0.05922914819	0.9923170955	-0.1086217751	-0.06887633192	0.1126158821	0.9912485632
1.76	1068.11825	-6.1315	359.45701	-3.98692	6.45401	3.39747	0.41708	0.995826648	-0.05108502599	0.07562808496	0.05911887663	0.9923791456	-0.1081137822	-0.06952873896	0.1121336327	0.9912576874
1.77	1068.24162	-5.84097	360.37468	-4.04596	6.44608	3.38589	0.36368	0.9957665272	-0.05077971956	0.07661881936	0.05891334708	0.9924112218	-0.1079313876	-0.07055665053	0.1119883341	0.9912014791
1.78	1068.41097	-5.63586	361.30243	-4.16059	6.42623	3.38538	0.35669	0.9956241444	-0.05057446793	0.07857980793	0.05889602993	0.9924621961	-0.1074711446	-0.07255219279	0.1116289051	0.9910979603
1.79	1068.53322	-5.35067	362.15691	-4.30435	6.3618	3.38687	0.37206	0.995437757	-0.05041183263	0.0810081419	0.05891098159	0.9925974839	-0.1062060794	-0.07505443472	0.1104938106	0.9910388235
1.8	1068.60992	-5.10693	362.99731	-4.4632	6.29917	3.37497	0.43083	0.9952384213	-0.04999139317	0.08367404221	0.05869175806	0.9927413074	-0.1049760641	-0.07781877836	0.109387189	0.9909483743
1.81	1068.72881	-4.89196	363.88732	-4.59825	6.26885	3.35166	0.48224	0.995076342	-0.04937562112	0.08593673043	0.05827596852	0.9928319946	-0.1043481772	-0.08016847941	0.1088424487	0.9908210415
1.82	1068.8367	-4.61985	364.8564	-4.70753	6.26571	3.30477	0.49347	0.9949692403	-0.04836066073	0.08773515478	0.05745267461	0.9928897517	-0.1042551256	-0.08206948929	0.1087712624	0.9906732112
1.83	1068.97668	-4.38747	365.84375	-4.76234	6.3192	3.24645	0.40609	0.9949483664	-0.04716340382	0.08861919435	0.05643541783	0.9928465587	-0.1052176525	-0.08302283952	0.1096873927	0.9904927481
1.84	1069.14052	-4.2214	366.87651	-4.84051	6.39818	3.17864	0.37608	0.9949004395	-0.0457150294	0.08990690495	0.0552515173	0.9927639562	-0.1066161203	-0.08438237557	0.1110399179	0.9902271211
1.85	1069.27455	-4.02577	367.861	-4.96936	6.48407	3.10214	0.33435	0.9947813216	-0.04400220538	0.09205394114	0.05391269475	0.9926766821	-0.1081037745	-0.08662299638	0.1125024917	0.9898684993
1.86	1069.42224	-3.8483	368.78399	-5.12976	6.51649	3.02547	0.37356	0.994606512	-0.04230577021	0.09470009562	0.05256848104	0.9926899809	-0.1086423332	-0.08941163853	0.1130346123	0.9895598695
1.87	1069.59776	-3.7626	369.75057	-5.28598	6.57117	2.95218	0.46566	0.9944257823	-0.04063535325	0.0972940466	0.05128343945	0.9926550377	-0.1095718253	-0.09212693567	0.1139506214	0.9892056832
1.88	1069.80038	-3.66019	370.82532	-5.43016	6.64177	2.87267	0.47381	0.9942613046	-0.03884865172	0.09967567661	0.04989163814	0.9925890603	-0.1108051522	-0.09463235542	0.1151422579	0.9888311169
1.89	1070.06011	-3.59002	371.8778	-5.50885	6.75893	2.79328	0.45707	0.9941987294	-0.03710897178	0.1009544977	0.04850754599	0.9924208432	-0.1129065449	-0.0959995019	0.1171485984	0.9884636066
1.9	1070.328	-3.61296	372.98319	-5.53494	6.90751	2.69586	0.38313	0.994236001	-0.03510563933	0.1013033489	0.04681497991	0.992188497	-0.1156302039	-0.09645274522	0.1197062258	0.9881129933
1.91	1070.65911	-3.63347	374.09072	-5.56096	7.05863	2.61073	0.3978	0.9942606015	-0.03330906638	0.1016679022	0.04533569425	0.9919332647	-0.118376827	-0.09690475256	0.1223066002	0.9877502541
1.92	1071.06829	-3.68525	375.21684	-5.65764	7.23233	2.54803	0.38868	0.9941448487	-0.03170437429	0.1032998186	0.04424029425	0.9916147497	-0.121420692	-0.09858405672	0.1252797698	0.9872113062
1.93	1071.46232	-3.73201	376.33408	-5.76536	7.43475	2.51363	0.40692	0.9939843077	-0.03050229194	0.1051893829	0.04363520264	0.9912088493	-0.1249039079	-0.1004547917	0.1287424845	0.9865770155
1.94	1071.90714	-3.7961	377.43026	-5.8909	7.63695	2.48888	0.45117	0.9937807806	-0.0294134951	0.1073992846	0.04319616631	0.9907873877	-0.1283528094	-0.1026345519	0.1321937925	0.9858960138
1.95	1072.43175	-3.76206	378.51486	-6.03739	7.88562	2.49591	0.45438	0.9935100651	-0.02872004776	0.1100586631	0.04330653057	0.9902326262	-0.1325288285	-0.1051774447	0.1364349839	0.9850498466
1.96	1073.01381	-3.74718	379.77619	-6.1624	8.14111	2.51252	0.41812	0.993265845	-0.02820896055	0.1123708847	0.04358438288	0.9896370613	-0.1368169888	-0.1073469271	0.1407932576	0.9842021621
1.97	1073.65995	-3.72289	381.09173	-6.26203	8.44245	2.55022	0.39274	0.9930489728	-0.02801471087	0.1143193496	0.04422955909	0.9888967121	-0.1418697956	-0.1090755876	0.1459399492	0.9832619424
1.98	1074.32824	-3.58828	382.45999	-6.39615	8.71528	2.61008	0.386	0.9927444383	-0.02815028656	0.1169018459	0.04525527542	0.9881967654	-0.1463527006	-0.1114021555	0.1505812547	0.9823007917
1.99	1074.97851	-3.40899	383.89041	-6.56248	8.99788	2.69773	0.38132	0.9923468209	-0.02863329667	0.1201162826	0.04675848499	0.987440789	-0.1509116707	-0.1142866182	0.155373172	0.9812225774
2	1075.6849	-3.2057	385.34521	-6.75522	9.26547	2.78174	0.39711	0.9918875797	-0.02898142228	0.1237703775	0.04819453295	0.9867091031	-0.1551851569	-0.1176278717	0.1598912852	0.9801012502
2.01	1076.37852	-3.00393	386.91707	-6.96132	9.51433	2.84099	0.43668	0.9914081932	-0.02887360084	0.1275778573	0.04919893532	0.9860250809	-0.1591665936	-0.1211992544	0.1640757598	0.9789738943
2.02	1077.07412	-2.71454	388.49888	-7.14272	9.72241	2.88716	0.42189	0.9909800249	-0.02867422215	0.1309059942	0.04997823614	0.9854440509	-0.162487533	-0.1243413296	0.1675643502	0.9779884571
2.03	1077.83394	-2.45394	390.21309	-7.30928	9.96587	2.89487	0.41061	0.9906081023	-0.02775177325	0.1338858719	0.05009311994	0.9847661317	-0.1665122972	-0.1272252607	0.1716551918	0.9769074819
2.04	1078.60004	-2.07895	392.10189	-7.45129	10.1569	2.88147	0.40688	0.9903018138	-0.02664214194	0.1363543688	0.04984543606	0.9842336391	-0.1697043786	-0.1296832684	0.1748551969	0.9760163472
