0.9998682920761099	0.009999373804779232	-0.012783232154468048	-0.010020870633058277	0.9999484796597526	-0.0016186963596562614	0.01276638760802135	0.0017465822802115978	0.999916980952809
0.9998480542426846	0.008760949293637996	-0.015070308377459606	-0.008781562630011579	0.9999605934661022	-0.0013021799782160207	0.01505830617608134	0.0014343229743633197	0.9998855885213631
0.9999005757406727	0.008533135232446549	-0.011226051691324268	-0.00854641020771169	0.9999628345498428	-0.0011350733920409194	0.011215948735306635	0.0012309029809766663	0.9999363416597171
0.9998701747335176	0.008776814550750096	-0.013513001321200606	-0.008799383811266364	0.9999599859322568	-0.0016116385769848517	0.013498315558137294	0.0017303354306445148	0.9999073964204837
0.9998910928590784	0.007399200716041043	-0.012769269745823875	-0.00741889727636882	0.9999713608365968	-0.0014958174378940465	0.012757836191163552	0.0015903884332320564	0.9999173507247242
0.9999002705271965	0.005112774078121765	-0.013164670176852467	-0.005145984544589074	0.9999836590907187	-0.0024900591567152963	0.013151723944261945	0.002557556013693043	0.9999102415039715
0.999921056395525	0.0031396546160006576	-0.012166492746459368	-0.0031703254465566114	0.9999918433317183	-0.002502460108557183	0.012158536647982696	0.002540834296885605	0.9999228540980827
0.9999285326210894	0.0023143848737950334	-0.011729163349994	-0.0023483515167333755	0.9999930868440992	-0.002882968810741724	0.011722409965051972	0.0029103069710603117	0.9999270549484824
0.9999388595932134	0.002357481671415334	-0.010803673245379569	-0.0023803135209030154	0.99999496000273	-0.002100970414079226	0.010798665795652527	0.002126558089394857	0.9999394314495884
0.9999501890419796	0.005180413241844773	-0.008531280885832708	-0.0051951095415851516	0.999985057963509	-0.00170137784408113	0.008522339570809539	0.0017456140355526944	0.9999621605640278
0.9999473187272074	0.008108811620009683	-0.006293404832029179	-0.008115008046141849	0.9999666122724075	-0.0009596795588777291	0.006285412848784504	0.0010107000325866391	0.9999797358300639
0.9999413652977293	0.007928325527887529	-0.007376152170138447	-0.007935887915332517	0.9999680137791556	-0.000996544813817524	0.007368015303219078	0.0010550226985777218	0.9999722992551329
0.9999425598975551	0.007895421252490422	-0.007248394909921913	-0.007902561431446978	0.9999683163750346	-0.000956958150109953	0.007240609666779863	0.0010141840683908208	0.9999732721439752
0.9999422238011633	0.007976564389639298	-0.007205794898708657	-0.007983891551332768	0.9999676394999357	-0.0009886498991843356	0.007197675686002719	0.001046123063763617	0.9999735491958047
0.9999424931020647	0.007882920079507395	-0.007271180086284423	-0.007890343539534916	0.999968377891968	-0.000992821703164381	0.007263123822102969	0.0010501367178866385	0.9999730717600442
0.9999435780657296	0.007775771305091122	-0.007237269216843687	-0.007783537416451156	0.9999691612360968	-0.0010455247790648633	0.007228916266831191	0.0011017973442767337	0.999973264048704
0.999943717149615	0.007813376463104186	-0.007177303202218503	-0.007821586851817332	0.9999687875255844	-0.001116581269838089	0.007168354911013034	0.0011726563258195146	0.9999736194345386
0.9999426769953781	0.007770820286476361	-0.007365940224602524	-0.007777945330947644	0.9999693103172331	-0.0009391432829514226	0.007358416252558684	0.00099638132881466	0.9999724300872008
0.9999422099650422	0.0077845827520132095	-0.0074146477734494615	-0.007792253438446554	0.9999691336929001	-0.0010062046619827229	0.007406586027197583	0.001063923327987664	0.9999720048834236
0.9999431489035149	0.007673554379036363	-0.007403750678886396	-0.007681082947383373	0.9999700110118716	-0.000988959894518625	0.007395939810365905	0.001045772494150514	0.9999721028279798
0.999943337559634	0.00765879592197262	-0.007393545504374578	-0.00766624906488257	0.9999701334251068	-0.0009802464226650925	0.007385817177189611	0.0010368716408197028	0.9999721869141289
0.9999432463455366	0.007701864846496873	-0.007361070970724994	-0.0077102307664724	0.9999696609846299	-0.001108806480903405	0.007352307765422834	0.0011654991079561915	0.9999722922073151
0.9999438591197288	0.007597418328612765	-0.007386328146256255	-0.007606388139904908	0.9999703664500836	-0.0011870472402453161	0.007377090768672464	0.0012431638771774544	0.9999720161461346
0.9999427909888815	0.00767931388085419	-0.007445998098676287	-0.007688410594472913	0.9999697310891795	-0.0011938374950890473	0.007436604863576348	0.0012510170874948047	0.9999715655279153
0.9999440459620678	0.007523801171871378	-0.007436219532551944	-0.007531863902157314	0.9999710766377773	-0.0010568415415436326	0.0074280529864520885	0.001112791000457674	0.9999717924646774
0.9999443047170092	0.007425694012603859	-0.007499768826320132	-0.0074337783176613844	0.9999718171507938	-0.0010506398353759081	0.007491755731531263	0.0011063329385815268	0.9999713244005991
0.9999447905569948	0.007493454315366553	-0.007366408918271193	-0.0075001044774915746	0.9999714905088929	-0.000875558250303632	0.0073596379499525555	0.0009307587477312739	0.9999724843301435
0.9999462799201856	0.007346382065088244	-0.007312177810724726	-0.007353682312870511	0.9999724889240847	-0.0009719832367533754	0.007304836084627817	0.0010257024543716092	0.9999727932820232
0.9999474636024783	0.007291115439399601	-0.0072048366129806385	-0.007297840418390185	0.9999729585748248	-0.000907548532902341	0.0071980247428102195	0.0009600806014139537	0.9999736329949108
0.9999471911697011	0.007188442134031776	-0.007344465365902103	-0.007194689501938496	0.9999737779316572	-0.0008245556740988046	0.00733834550807979	0.0008773532781435458	0.9999726890952719
0.9999492249674166	0.007089015175278619	-0.0071619376503774335	-0.007095045807297193	0.9999744961070014	-0.0008169825830183575	0.00715596339115698	0.0008677553763995188	0.9999740192567761
0.9999492807399858	0.0070043858380497825	-0.007237024707490464	-0.0070098742189077905	0.9999751616676905	-0.0007332878776009701	0.007231708720640764	0.0007839813187010768	0.9999735435311634
0.9999515596062026	0.00687560795488117	-0.00704304311883518	-0.006878466929864727	0.9999762701844671	-0.00038178613985874373	0.007040250976900903	0.0004302129851663017	0.9999751245820917
0.999952510395871	0.006768179606065184	-0.007012039490440643	-0.006771135818672833	0.999976996418553	-0.00039793649518604705	0.007009184882747889	0.0004453970690950933	0.999975336170213
0.9999541796152883	0.006871111780794199	-0.006665320158222347	-0.0068739470896851075	0.9999762931147999	-0.0004025665062231127	0.006662396064779072	0.0004483651185743576	0.9999777054751754
0.9999541897449739	0.006926658344134644	-0.0066060438733289316	-0.006930670464042511	0.9999758117080135	-0.0005846416153121989	0.006601834471687817	0.0006303991458877523	0.9999780089474594
0.9999555832054076	0.006948586131112156	-0.006367791384127802	-0.006951624151976728	0.9999757336164528	-0.00045508228581757413	0.006364474682399979	0.0004993285649018144	0.9999796218588664
0.9999552087224547	0.006906588804317805	-0.006471443418606111	-0.006908860843410963	0.9999760794810739	-0.00032879706120719136	0.00646901775221951	0.0003734926360019241	0.9999790059359108
0.9999553409280623	0.006843304533986808	-0.0065180773620731325	-0.0068449825378685035	0.999976545180743	-0.00023516471191469633	0.006516315178007422	0.0002797703354007763	0.9999787294563122
0.999956491104556	0.006851398602427797	-0.006330421396291963	-0.006852669885974318	0.9999765041338751	-0.0001791525274978745	0.006329045212181801	0.00022252502083718452	0.9999799466335899
0.9999574639447228	0.006722385337237984	-0.0063150484254774234	-0.006723172663459863	0.9999773938677998	-0.00010345385584463827	0.0063142102099742565	0.00014590661626830248	0.9999800545314309
0.9999566324462911	0.00662891660894172	-0.0065414594139874315	-0.00662961731187564	0.9999780201956924	-8.543887587512425e-05	0.006540749266806287	0.00012880254317598885	0.9999786007755034
0.9999584707102377	0.0064464373964224185	-0.006442072627398681	-0.006446544237152411	0.9999792208090756	4.180008781643063e-06	0.006441965712506535	3.7349270982627096e-05	0.9999792496261064
0.9999566582892732	0.006270686682987677	-0.006881862500343714	-0.00627077840768697	0.9999803384417675	8.249233853127442e-06	0.0068817789205642835	3.490575845460596e-05	0.9999763196698592
0.9999568455934889	0.006191128218143898	-0.0069265346390537125	-0.0061910183806807495	0.9999808347664445	3.729899325650226e-05	0.006926632813249283	5.584919624218627e-06	0.9999760105755933
0.9999533577992941	0.006167697949370695	-0.0074324779126740135	-0.006170925669676995	0.9999808750231081	-0.00041141754733193663	0.00742979826754267	0.00045726362665274734	0.9999722941200317
0.9999528757677701	0.005775419535270205	-0.007803253998050077	-0.005780322461945762	0.9999831102292998	-0.000605911191706222	0.007799622811546115	0.0006509879629677101	0.9999693705802541
0.9999511129485452	0.0055894918735063075	-0.00815654912090166	-0.005597404787795671	0.9999838854038497	-0.0009476245362034536	0.008151120941762352	0.000993233716735218	0.9999662857887643
0.9999465426276004	0.005284637168024068	-0.008887322268870564	-0.005295269897149857	0.999985291648136	-0.0011732877348677093	0.008880991151035035	0.0012202857840649544	0.9999598186421195
0.9999440261809228	0.004928635862137857	-0.009362320952865759	-0.0049451539375586495	0.9999862553767123	-0.001741984556429675	0.009353606663735052	0.0017881851692260302	0.9999546551900145
0.9999391641652737	0.00477411273970786	-0.009943631932168916	-0.0047946880953534205	0.999986411536609	-0.0020463890646822804	0.009933727121386333	0.0020939411845451016	0.9999484669100671
0.9999332314571183	0.004486948087641695	-0.010648940068564598	-0.004511754538275017	0.999987161758512	-0.0023065968746095312	0.010638453774464917	0.0023544882701793625	0.9999406380812184
0.9999307321771872	0.004134355991639714	-0.01101988875301285	-0.004165661925236852	0.9999873489867143	-0.0028194196651109707	0.011008092855668429	0.002865129501047944	0.9999353043695492
0.9999273332264228	0.003835571659393983	-0.011428764445038432	-0.003876113999483915	0.9999862666464515	-0.0035273586088067767	0.011415078053063226	0.003571401480899642	0.9999284679838376
0.9999228798731927	0.0032689183105007887	-0.011981171861710445	-0.0033188488569105257	0.9999858816577275	-0.004149906924505788	0.01196743700069289	0.004189350581695218	0.9999196116655268
0.9999179524868415	0.0025877779882873	-0.012545584865050866	-0.002644486590257716	0.9999863524769794	-0.004505724188215614	0.012533753835017055	0.004538531135693559	0.9999111494277547
0.9999053176034223	0.0019304572752421021	-0.013624579373610302	-0.0019952486494444997	0.9999867590674844	-0.004743487381209305	0.013615241871749189	0.004770222680050362	0.9998959296668611
0.9998950883627377	0.00112157461502094	-0.014441410542471701	-0.0011893176598100847	0.9999883267232462	-0.004683154999174672	0.01443598945612444	0.004699839106306884	0.9998847502191428
0.9998828577252649	-1.0237395654920314e-05	-0.015305904819824592	-6.614023002214523e-05	0.9999875498742317	-0.004989561303444782	0.015305765339497799	0.004989989150949247	0.999870408380829
0.9998753609556702	-0.0011615911268670644	-0.01574526150377141	0.0010817951747457892	0.9999865343963298	-0.005075504429896758	0.01575094514523046	0.005057838675955234	0.999863153634016
0.9998615349126235	-0.0025711320386292316	-0.016440811482786425	0.002475760816279004	0.9999800070094205	-0.0058186072061898655	0.016455443189205363	0.005777098015377739	0.99984791019833
0.9998265762096515	-0.0040925467206730645	-0.01816778924979252	0.003968560267630552	0.9999686269565512	-0.006855336026186547	0.018195275053924098	0.006782047181261361	0.999811450125344
0.9997987039934656	-0.005310095964232386	-0.019348239553952724	0.005159771031669098	0.999956180837948	-0.007811092553903693	0.01938886938135502	0.007709687726201642	0.9997822925313676
0.9997479013215403	-0.006398806259276839	-0.02152182802719049	0.006208221284251362	0.9999410277323111	-0.008910614240060203	0.021577576130360213	0.008774755615151618	0.9997286691258948
0.9996967701447074	-0.007233519291183013	-0.02353813843327813	0.0070018224731507135	0.9999263701963584	-0.009911037684813205	0.023608097007055934	0.00974322249563198	0.9996738104857534
0.9996584174520571	-0.008100582953611742	-0.02484811809897145	0.007843957476166638	0.9999150703141699	-0.01040790515524731	0.024930317855191245	0.010209442414754534	0.9996370574049458
0.9996274675146238	-0.00907443204127962	-0.025740646328869382	0.008800737488469238	0.9999037430623456	-0.010726212265742533	0.02583550289734634	0.010495679732104595	0.9996111081300579
0.9996127364609395	-0.009858120696593826	-0.026022962195022654	0.009581231731461174	0.9998963831255603	-0.010743510177353293	0.026126176597049775	0.010490017576450513	0.999603612652368
0.9995893290256336	-0.01049900172348707	-0.02666353804156451	0.010219074766689509	0.9998914599112698	-0.01061314785642274	0.02677207143641582	0.01033631265586023	0.9995881235947552
0.9995586720403163	-0.010972079150578328	-0.027605699196231764	0.010666987482354865	0.999880661781372	-0.011174863475533904	0.02772501626781617	0.010875462048068645	0.9995564255199355
0.9995206168197301	-0.011331469306893334	-0.028812052263819908	0.010984116261734159	0.9998654204734947	-0.012185652682996278	0.028946256100830424	0.011863336154254481	0.9995105679846693
0.9994820641535779	-0.011748861771774059	-0.029959433946102416	0.011366990744201156	0.9998523746864487	-0.012884888640980675	0.030106393950859893	0.012537666486909502	0.999468064503483
0.9994545198462959	-0.012188095740668837	-0.030693860640631305	0.011784337412935407	0.9998420927058409	-0.0133010918853569	0.03085112883750441	0.012932129593416023	0.9994403273200609
0.999449071330774	-0.012629946360632693	-0.030692641968081694	0.012246946355445758	0.9998451765659758	-0.012634682533383908	0.030847465390533183	0.012251830584859699	0.9994490114689691
0.9994587235769032	-0.012943247862686209	-0.03024454001621397	0.01260873146383995	0.9998574988049257	-0.011225060108112554	0.03038551886837004	0.010837638964416384	0.9994794974509367
0.9994900415572915	-0.013219609337802087	-0.029067142218658124	0.012943764672982508	0.999869585496183	-0.009657688946193047	0.029191022316702987	0.009276525677583459	0.9995308050717892
0.9995060802220134	-0.01382562294169874	-0.028221405873915712	0.013605591050740384	0.9998756452353826	-0.007973829524591662	0.02832813956803948	0.007585922185285713	0.9995698926504402
0.9995179753279441	-0.014097329909207004	-0.027660120855815325	0.013918598962650202	0.999881060386815	-0.0066436196952579275	0.02775048827037544	0.006255427177202526	0.9995953081280375
0.9995367059153231	-0.014542842839835967	-0.026737225923438062	0.01440934302989626	0.9998827677974941	-0.005178947293531454	0.02680940807611978	0.0047912820578868524	0.9996290808369122
0.999552615161844	-0.014787512225407156	-0.025998057721725823	0.014697483891739584	0.9998853220446068	-0.003650578995872669	0.026049059299153382	0.003266839747597843	0.999655327734361
0.9995784277455295	-0.014807983173478752	-0.024973794667794195	0.014768534827170146	0.999889384453557	-0.0017633026244609756	0.024997143133443034	0.0013937329086803534	0.9996865510467495
0.9996096516807642	-0.01465860646831664	-0.023783808001837214	0.014673892216587537	0.9998922229886825	0.0004682883372536295	0.023774380199643525	-0.0008171065768072364	0.9997170155513834
0.9996522281128639	-0.014381800679738327	-0.022103995977988653	0.014444863063375973	0.9998920330202431	0.002695966195111093	0.022062836627844955	-0.0030143178089152233	0.9997520418224111
0.9997101414332801	-0.01382894816397608	-0.019707696672343702	0.013932094939657573	0.9998899057991808	0.005106173860915047	0.019634913955589726	-0.005379263293759365	0.9997927453629443
0.9997536177266771	-0.013404337261686742	-0.017692585593857904	0.01353356707194699	0.9998824600528068	0.007204765163156509	0.01759393090614329	-0.007442433830547494	0.9998175152366294
0.9997984251541278	-0.012991480267645104	-0.015307857452343716	0.013133455540733327	0.9998713273123825	0.009210926345045669	0.015186224181325267	-0.009410114719261566	0.999840401432191
0.9998424093796606	-0.012584735464148096	-0.012521215562892549	0.012728938484346067	0.9998528001989604	0.01150443650769184	0.012374592152339528	-0.011662005299055235	0.9998554230994939
0.9998739769483097	-0.012188221036818934	-0.010172388585220913	0.012328600356433132	0.9998280303996067	0.013853347627729946	0.010001791580634202	-0.013977013100123305	0.999852292726269
0.9998989937425952	-0.011850752459299813	-0.007846144192796708	0.011983841077197766	0.9997813086339776	0.01713833303351466	0.007641326166459954	-0.01723062889971204	0.9998223419998865
0.9999173397379703	-0.01152033039039759	-0.005709262565030232	0.011632880762962273	0.9997305179763346	0.020088989818415906	0.005476292221483087	-0.020153744427917043	0.999781894619541
0.9999348543582687	-0.010882826843039716	-0.0034425454844468763	0.010958821697065154	0.999678023398244	0.022885667165104658	0.00319237631240513	-0.022921902505778826	0.9997321616908178
0.999949833405072	-0.00997886696761502	-0.0008676907347948659	0.009997950190321297	0.9996164551622378	0.0258260248755719	0.0006096434699571129	-0.02583340440059045	0.9996660760233463
0.9999575066129421	-0.009035144630756173	0.0018306091688400732	0.008980102400052028	0.9995640854073887	0.02812466754603466	-0.0020839216185603656	-0.0281070333758601	0.9996027470678019
0.9999571917148213	-0.00793734664983153	0.004755340783612455	0.007797955340692169	0.9995591741340794	0.028646977098848895	-0.00498062549409712	-0.02860866883582336	0.999578279794599
0.9999479045665974	-0.006856984807559517	0.0075610787735511265	0.006628163194843747	0.9995314032504313	0.02988379776544532	-0.007762448423884447	-0.02983212489200885	0.9995247814431087
0.9999242610436894	-0.005986464793478586	0.010753344387125342	0.005648564895599658	0.9994977327996151	0.03118294153939858	-0.010934618916627956	-0.03111983881233628	0.999455846819379
0.9998867635696971	-0.005381238021401471	0.014053551703166193	0.0049146792384180925	0.9994424505572762	0.03302474756981613	-0.014223430180515681	-0.032951939266508086	0.9993557243206627
0.9998368371073999	-0.0045551435163071596	0.017479983713273955	0.003951673798691498	0.9994001928403823	0.03440405244728135	-0.017626214490332658	-0.03432936378892559	0.9992551282553361
0.999771191583323	-0.0032642837058739264	0.02114022071668244	0.002532771176825944	0.9994001871232296	0.03453767577905983	-0.02124028131236315	-0.03447622992644616	0.9991797836324704
0.9996919750433082	-0.0020760284061025923	0.024731460532422634	0.0012578209620885622	0.9994527955813398	0.03305340059769788	-0.02478654716649848	-0.033012111575929516	0.9991475504493125
0.9996075566704329	-0.0008441277432223215	0.028000358849851137	-3.489288619819948e-05	0.9995075931752027	0.03137785791923844	-0.028013058202449218	-0.03136652090153679	0.9991153136333562
0.9995144891029563	0.0004336010593224916	0.03115442285418837	-0.0013465663744667929	0.9995700630857451	0.02928951590174273	-0.031128328452639017	-0.029317247020834672	0.9990853448003648
0.9994108897833438	0.0012527055408574697	0.03429729014503901	-0.002213521665462184	0.9996057320932753	0.027990725037120714	-0.034248703687900575	-0.028050153209832417	0.9990196270347261
0.9992865922014726	0.0012684689458233658	0.03774516701381804	-0.0023042880242027447	0.999621575777966	0.02741159418709375	-0.03769611257237345	-0.027479014278352087	0.9989113608680307
0.9991428060943054	0.0011187110263075823	0.041381173444416934	-0.0022247860306326556	0.9996412145148421	0.02669255646073255	-0.041336465222793314	-0.026761740020617326	0.9987868170505424
0.9989973605638568	0.0006744492362115332	0.044764033605956946	-0.0018481961836169709	0.9996554172702137	0.026184554477435427	-0.044730948540292914	-0.026241033526572345	0.9986543698408088
0.9988201403234679	-0.00026068000802163485	0.0485619123402411	-0.000997325103245986	0.9996645812390598	0.025879149112239756	-0.04855236994057322	-0.025897047361977815	0.9984848573268825
0.9986715431449227	-0.0011376623833930964	0.05151557664280101	-0.00015181622942774217	0.9996869387642687	0.02502002030290138	-0.05152791344864814	-0.02499460318601852	0.9983587250819227
0.9985618826804076	-0.001541059893490892	0.05358909956478752	0.0002797224991514952	0.999722933434793	0.02353673978816814	-0.05361052334274965	-0.023487901118174493	0.9982856456385514
0.9984694683532234	-0.0019459230790765337	0.055271458726921595	0.0007092619132252672	0.9997491700626377	0.022385126906169957	-0.055301154725465984	-0.022311663820459546	0.9982204024881444
0.998374716592978	-0.0023234711878285844	0.056943188789616676	0.001109096994441821	0.9997714818016064	0.021348397599756697	-0.056979778621433025	-0.02125054488383081	0.9981491467563316
0.9982518997078806	-0.0024792202855484714	0.05905081029404389	0.0013053156024226235	0.9998009271347356	0.019909853131083458	-0.05908841579180734	-0.01979796876699644	0.9980564110068707
0.9981359788208785	-0.0024827705931276443	0.06097871459344502	0.0013771118895797457	0.9998340141118534	0.018167217393480713	-0.06101369802044867	-0.01804937880261563	0.9979737213868455
0.9980116313907805	-0.0024160419458997464	0.0629836990818126	0.0013818175436839148	0.9998635882957353	0.016458899740032742	-0.06301487276023522	-0.016339141400090015	0.9978788294524136
0.9979349448522016	-0.002831249558156884	0.06417031921981438	0.0019099780229093592	0.9998942964586895	0.01441346222578384	-0.06420434429838409	-0.014261133731983964	0.9978348672189667
0.9978829137651952	-0.0031311791107699674	0.06496065064991499	0.0023766385769023964	0.9999288525373282	0.011689373484376084	-0.06499263038651999	-0.01151023808436355	0.9978193586089029
0.997857673781128	-0.003705318561387116	0.06531717607547421	0.0031237263637857995	0.9999545841130568	0.009004001604150718	-0.06534757233226075	-0.008780679110524384	0.9978239295911067
0.9978234723845769	-0.004119357648591097	0.06581298390856037	0.003691887342301896	0.9999713019722272	0.006615527176331453	-0.06583834692819363	-0.006358154176490454	0.9978100450232152
0.9977842316460536	-0.00488634860839834	0.06635322656639768	0.004620131722624165	0.999980653498182	0.004164974455423806	-0.06637229438071356	-0.003849185189872601	0.9977875035858157
0.9977288217990252	-0.005391907326134222	0.06714257581382518	0.005313826449763798	0.9999849817646507	0.0013414520539609517	-0.06714880043597705	-0.0009816213820335676	0.9977424893325288
0.9976903759209532	-0.0060979584974815175	0.06765152398039546	0.006252387157261968	0.999978308644203	-0.002071206391130592	-0.06763742639650577	0.002489406202681186	0.9977068614614292
0.9977045563585214	-0.007210985847003902	0.06733216099725539	0.007607987413945113	0.9999551444161993	-0.005641602882801424	-0.067288459255323	0.006140915134757195	0.9977146648277514
0.9977249687384284	-0.008254031790970182	0.0669085772909248	0.008950474885622837	0.9999087756842903	-0.010115795018940405	-0.06681897750806906	0.010691644809711843	0.9977078294651391
0.9978044724598941	-0.009570257831600438	0.06553354029860707	0.010571806818314409	0.99983230368416	-0.014953307668264443	-0.0653794435555145	0.015613285197620189	0.9977383192429311
0.9978658420227171	-0.011224025153044083	0.06432559819898909	0.012507813146107927	0.9997298604438074	-0.019589812334664853	-0.0640883447640521	0.020352577143181925	0.9977366669963748
0.9979002560780251	-0.012455284515026685	0.06356056015377454	0.014060865510890239	0.99959165090213	-0.02487616344694672	-0.06322476556300158	0.02571764636206601	0.997667896489157
0.9979687832424896	-0.013708721241830866	0.0622123672224303	0.01558570609920722	0.9994347716741979	-0.02978628768297867	-0.061768871115586044	0.030695408947557734	0.9976183631182058
0.9980079001495173	-0.014836783958505682	0.061319663085502664	0.01702669104473312	0.999230075839409	-0.0353461077070164	-0.06074802903155077	0.03631976568946209	0.9974921310912905
0.9980541444844855	-0.015950275342664272	0.060278631320186835	0.018414496101279716	0.9990078668602228	-0.04054859164907471	-0.059572065690873664	0.04157969056980407	0.9973576581755622
0.9981345851256594	-0.016625936505854807	0.05874460155053435	0.019359302374372812	0.9987413073542777	-0.04627113998861458	-0.05790135911708257	0.04732207962010596	0.9972001069959946
0.9982009674925444	-0.017759042486642323	0.05726643787512874	0.020678214995577676	0.9984951423569143	-0.05079234306706073	-0.05627823665987602	0.05188513370516605	0.9970660424359321
0.998274352156813	-0.018521189312882953	0.05572506951392356	0.021577082057134975	0.9982671229910443	-0.054746512994737595	-0.05461453429074468	0.0558544241902077	0.9969440987049301
0.9983133184865257	-0.01961952678732132	0.05464057376219879	0.0228039496056897	0.9980398270997096	-0.05827935659530575	-0.05339005539238436	0.05942707877241843	0.9968038544737751
0.9983657907321619	-0.02044684316010384	0.05336360651728055	0.02370179035318469	0.997850603459123	-0.0610933573338185	-0.05199974067049482	0.062258331017222654	0.9967045335449976
0.9984118167781133	-0.021234220829196702	0.052181912418040946	0.02454101935793913	0.9976756258382901	-0.06356952081815076	-0.05071077288604901	0.06474915809454942	0.9966122435728685
0.9984479113264999	-0.022076532354684417	0.05113115573642321	0.025456135241967135	0.997467134873371	-0.06641761834070001	-0.04953537671495465	0.06761613392305703	0.99648096062444
0.9984824768880979	-0.023027563394340776	0.050024740594319064	0.026430960852283247	0.997302712278019	-0.06847411475391113	-0.04831301745735167	0.0696924056624991	0.9963979229891736
0.9985015896565205	-0.024176450835453004	0.049092511428960484	0.027625577555085403	0.9971050588122201	-0.07084016626058337	-0.04723772769883892	0.07209022760457937	0.9962788746961215
0.9985009570544764	-0.025597598274496043	0.04837976564507375	0.02909550367463458	0.996904720535045	-0.0730371812220557	-0.04636044032592946	0.07433532899988805	0.9961550925610251
0.9984765488376482	-0.027272172696376027	0.047966759507793125	0.030807286108635833	0.9967394540558462	-0.07457460593978547	-0.04577655015267177	0.07593872085354529	0.9960611518030644
0.9984591620294722	-0.029324460995491877	0.04711027219968264	0.03282921889047774	0.9966104673937312	-0.07543088669961151	-0.0447386203010935	0.07686125336326753	0.9960375512926117
0.9984182035373769	-0.03128986327147945	0.04671226072081282	0.03480882951595151	0.9964598335424614	-0.07652545670729306	-0.04415242046509447	0.07803040813030829	0.9959728004188122
0.9983818928135968	-0.03290089882975464	0.04638024318752634	0.03644184667308075	0.9963112167179428	-0.07769138467724852	-0.04365304013462874	0.07925585340028068	0.9958980478888377
0.9983286364632555	-0.03451003459044359	0.046357212275796554	0.03809052174521761	0.9961691614712992	-0.07871539802824906	-0.043463154172171864	0.08034960638444323	0.9958187058813823
0.9982893958762782	-0.035999731474365186	0.04606844272112088	0.03959860843620008	0.9960277404156996	-0.07975393740945999	-0.043014326577224225	0.08144175621982351	0.995749470526065
0.9982357963070222	-0.03724446966062049	0.046240074080653976	0.04089011159840957	0.9959093570750217	-0.08057636914062634	-0.043049898312944465	0.08232497780209838	0.9956753006302451
0.9982079925213024	-0.03812815251958239	0.046119926843339494	0.041795948035340265	0.995807256699354	-0.08136956576468941	-0.04282408661511253	0.08315137696003862	0.9956163649293994
0.9981736500700964	-0.03893117039213106	0.04619229673483997	0.042632059191737494	0.9957164901025638	-0.08204376190121376	-0.04280037190040339	0.08386319401101845	0.9955576793212221
0.9981115507949139	-0.03996629757014332	0.046647907008855	0.04371916783986646	0.9956384480369309	-0.08241792980900021	-0.04315051023060578	0.08430169541086618	0.9955055286725896
0.998058636668205	-0.040704644188286364	0.047139046591003084	0.04455007882304094	0.995500808130589	-0.08362673907432279	-0.04352296231720209	0.08556443743079852	0.9953815744719642
0.9979914557028275	-0.04162871730356541	0.04775043706408487	0.04559151317749698	0.9953246937435831	-0.08514791806279651	-0.0439825905369092	0.08715390937819384	0.9952234562196373
0.9979045429058551	-0.04265080124774247	0.048656267846826855	0.04676394325594495	0.9951283551046651	-0.08679107372211901	-0.04471752295254455	0.0888845656996146	0.9950376259827463
0.9978184506114837	-0.04352578104697668	0.049637143386267284	0.04777749450426763	0.9949775489742435	-0.08796015038698801	-0.04555930901794812	0.0901397993200424	0.9948865090754572
0.9976930756586516	-0.04462651101177982	0.05115663493326728	0.04909450961930995	0.9947582343222526	-0.08969829637910635	-0.04688556182898494	0.09200287910163471	0.9946543190118818
0.9976118924478713	-0.04547675402574302	0.051984390828968496	0.050066227827274705	0.9946196535170697	-0.09069243446248182	-0.047580299260558484	0.09307851352952626	0.9945212443389078
0.9975611474438032	-0.046435457813485126	0.05211051111104893	0.05108308098297519	0.9944735583592889	-0.0917216471804828	-0.047563388734293416	0.09415991706594805	0.994420250231382
0.9974689325637723	-0.047260330654705175	0.05312428556222138	0.05204592488435171	0.9943385130627571	-0.09263985720562053	-0.048445332830118204	0.09517028205565682	0.9942814828510214
0.9973468283868336	-0.047703271097119006	0.05498819721866316	0.05271104725056701	0.9942190269150569	-0.0935418196200279	-0.05020806115030053	0.09619212258138457	0.9940956825923828
0.9972586111884153	-0.04744282003277401	0.05678416361883705	0.0527233153168959	0.9940391771870818	-0.09542728246798494	-0.051918343892580106	0.09815952854698942	0.9938154720685749
0.9971720331958069	-0.04723404357424673	0.0584540960050426	0.052785930762264774	0.9938446239342413	-0.0973987114420296	-0.05349375408121929	0.10020882498379331	0.9935273572829615
0.9970842694186814	-0.04715967723077843	0.05999103700806424	0.052996285772963	0.9936005631716508	-0.09974625085309621	-0.0549031271612517	0.10263471980020776	0.9932027793554791
0.9970215195926161	-0.047320543218352225	0.06090037486543671	0.053364303845562254	0.9933747874863428	-0.10177810502039125	-0.05568070172249239	0.10472486703731516	0.9929412679910667
0.9969783961064633	-0.04784445528996125	0.061196289062253884	0.054024262142131164	0.9931427141770851	-0.10367703881270376	-0.055816277168782305	0.10666985223098178	0.9927265916797224
0.9968957474194707	-0.048538552101496484	0.06199094883017132	0.05490018854065984	0.9929107820120665	-0.10542366082804464	-0.056434369626802865	0.10849971393546115	0.992493311816633
0.9967397425021678	-0.04961886620569783	0.06362274619327252	0.056211198619913666	0.9927329438859215	-0.10640302285792717	-0.057880798771484936	0.10963243242787699	0.9922855148058556
0.9966219055170606	-0.050169830747940306	0.06502126979893583	0.05699558149935276	0.992540559976396	-0.10777170543001134	-0.059129359315771526	0.1111135675084979	0.9920471228638491
0.9965097360379167	-0.05064740166046156	0.06635651201416179	0.0576672712618841	0.9924175544459307	-0.1085443847131965	-0.06035587632409954	0.11199213513725866	0.9918744526705726
0.9964476515297351	-0.050990773164565996	0.06702252466861597	0.05814111093518135	0.9922880971172926	-0.10947119958493935	-0.06092363236132916	0.11297908377846966	0.9917278042126676
0.9964192530608488	-0.051106158490539066	0.06735601453470913	0.058338037282820006	0.9921973199703823	-0.11018689418247149	-0.061199228227554865	0.11372176048554106	0.9916259454332671
0.9964016359290245	-0.05147312986973522	0.0673371874923288	0.05872911863070956	0.9921240315509899	-0.11063813376892362	-0.0611119509001612	0.11419467115598506	0.9915769796323192
0.9963838946415644	-0.05157665058568972	0.06752024595089667	0.0588490064183668	0.9921244713427247	-0.11057046534445786	-0.06128563406279589	0.11414413027957505	0.9915720793670223
0.9962718074795693	-0.05149682718588571	0.06921388886039488	0.058950918992020464	0.9921409150020146	-0.11036844625599092	-0.06298630622118044	0.1140371937954996	0.991477807951272
0.9961104646887974	-0.05164611941543156	0.07139061903916316	0.059311415778988456	0.9921830809460792	-0.10979476236432041	-0.06516209094066813	0.11360199044767048	0.9913871542795818
0.9959564041534823	-0.0514260990121437	0.07366272711526795	0.0593202102471911	0.992233746204108	-0.10933117373371083	-0.06746816791564954	0.11325877111356547	0.9912721609547757
0.9958654321268321	-0.05122933860527742	0.07501730440973983	0.059229148192818167	0.9923170954731229	-0.10862177514724297	-0.0688763319231717	0.11261588208530296	0.9912485631782566
0.9958266480086206	-0.05108502599219288	0.0756280849637998	0.059118876631245404	0.9923791455521543	-0.10811378218819187	-0.0695287389629233	0.11213363274483344	0.9912576874181973
0.9957665271545251	-0.050779719563983916	0.0766188193567337	0.058913347077772155	0.9924112217770156	-0.10793138759019634	-0.07055665053494672	0.11198833408911119	0.9912014790612628
0.9956241444338816	-0.05057446793002169	0.07857980792733334	0.058896029927566845	0.9924621961292235	-0.10747114456043569	-0.07255219279299932	0.11162890507370446	0.9910979602809066
0.9954377570077358	-0.05041183263415952	0.0810081418986592	0.05891098158954884	0.9925974838547197	-0.10620607936194294	-0.07505443472283067	0.11049381057663354	0.9910388234840708
0.9952384213189966	-0.049991393172673114	0.08367404220620894	0.058691758064044135	0.9927413074380141	-0.10497606413661052	-0.0778187783624424	0.10938718898900943	0.990948374346141
0.995076341997011	-0.049375621123357555	0.08593673042727555	0.0582759685156605	0.9928319945531617	-0.10434817720090937	-0.08016847941310429	0.10884244865985551	0.9908210414995825
0.9949692402826125	-0.04836066073376208	0.08773515478321685	0.05745267460511093	0.9928897516726308	-0.10425512555352218	-0.08206948928901836	0.10877126236674553	0.9906732112109342
0.9949483663649507	-0.04716340382000832	0.08861919435329307	0.05643541783169221	0.9928465587487144	-0.10521765248758266	-0.08302283951948539	0.1096873927165115	0.9904927480790435
0.9949004395058194	-0.045715029400826085	0.08990690495178368	0.055251517295910095	0.992763956197894	-0.10661612031398285	-0.08438237557468506	0.11103991787275208	0.9902271210844436
0.9947813216189159	-0.04400220537761422	0.0920539411433824	0.05391269475188124	0.9926766821488039	-0.10810377450687408	-0.08662299638498736	0.11250249170551228	0.9898684992752005
0.9946065119920057	-0.04230577020978335	0.09470009561797227	0.05256848104124495	0.9926899809244394	-0.10864233324654037	-0.08941163852716465	0.1130346123061121	0.9895598694958756
0.994425782330071	-0.0406353532546823	0.09729404659635453	0.05128343944805733	0.9926550377352924	-0.10957182528881547	-0.09212693566815225	0.11395062143144478	0.9892056831618912
0.9942613045637106	-0.038848651718512955	0.09967567660629065	0.049891638135174804	0.9925890603344062	-0.1108051521755615	-0.09463235541534896	0.11514225794257402	0.9888311168973339
0.9941987294381901	-0.03710897178135533	0.10095449765522485	0.048507545986303496	0.9924208432440009	-0.11290654488227364	-0.09599950190430614	0.11714859840474744	0.9884636065763516
0.9942360009549996	-0.035105639333938544	0.10130334886846132	0.046814979914986045	0.9921884970081073	-0.11563020392766109	-0.09645274522049235	0.11970622578524671	0.9881129932592133
0.9942606015319541	-0.03330906638325529	0.10166790220120003	0.04533569425117191	0.9919332647136315	-0.11837682704533457	-0.09690475255673037	0.12230660019489009	0.9877502541030735
0.9941448486640905	-0.031704374286556605	0.10329981861431572	0.044240294251921476	0.9916147497482225	-0.12142069200211804	-0.09858405671890362	0.12527976984680222	0.9872113061690371
0.993984307677466	-0.030502291935321377	0.10518938291311082	0.04363520264170995	0.9912088492712539	-0.1249039079323533	-0.10045479172924272	0.12874248449152015	0.9865770154962994
0.9937807806462522	-0.0294134951019725	0.10739928456005651	0.04319616630883527	0.9907873876537933	-0.12835280940591595	-0.10263455185435943	0.1321937924868569	0.9858960137831965
0.9935100651432526	-0.028720047763437572	0.11005866306436633	0.04330653057092991	0.9902326262121113	-0.1325288285429778	-0.10517744467783463	0.1364349839356855	0.9850498466014348
0.9932658449844336	-0.02820896054659166	0.11237088471770557	0.04358438288159048	0.989637061327301	-0.13681698877074774	-0.10734692709244155	0.1407932576238821	0.9842021620843278
0.9930489727550471	-0.028014710865335937	0.11431934956636752	0.044229559094160965	0.9888967120948199	-0.14186979562398513	-0.10907558761006894	0.14593994923661863	0.9832619424163286
0.992744438305713	-0.02815028656189904	0.11690184592023128	0.04525527541800899	0.9881967653693738	-0.1463527005570678	-0.11140215554429224	0.15058125474304418	0.9823007917435961
0.9923468209173353	-0.028633296669478336	0.12011628256442	0.04675848498802088	0.9874407889805512	-0.15091167065237696	-0.11428661818814562	0.1553731720063155	0.9812225773614327
0.9918875797211393	-0.02898142228272888	0.12377037754410664	0.04819453294654092	0.9867091030716203	-0.15518515686000237	-0.11762787165041001	0.15989128518486836	0.9801012502455682
0.9914081931791776	-0.028873600836006888	0.12757785729491336	0.04919893531801803	0.9860250809358535	-0.15916659363389296	-0.1211992543738278	0.164075759758126	0.978973894339896
0.9909800248534596	-0.028674222147824224	0.13090599423118093	0.0499782361388389	0.9854440509361261	-0.16248753302037744	-0.12434132962891788	0.1675643502025864	0.9779884571339775
0.9906081023213127	-0.027751773245618346	0.13388587190996484	0.050093119941987195	0.9847661317330173	-0.16651229722175903	-0.12722526065937304	0.17165519180413252	0.9769074818921397
0.9903018137896179	-0.02664214194193408	0.13635436875193566	0.049845436059049154	0.9842336391233817	-0.1697043786177247	-0.12968326842378802	0.17485519692216941	0.9760163471992839
0.989977598262212	-0.025374678631927952	0.13892616968486748	0.04948908931736962	0.98367985558112	-0.1729877792286041	-0.1322693652268719	0.1781293558295017	0.9750767906243318
0.9897147590787885	-0.024100911729042086	0.14101007664505652	0.049012732360731184	0.9831750316581883	-0.1759676367701055	-0.13439660608866255	0.18106905637835902	0.9742440911260891
0.9894306050364289	-0.02328390710615503	0.14312560039041974	0.04895417084739842	0.9827118706032576	-0.17855214513438378	-0.13649383492997	0.18367155208501468	0.9734650450739316
0.989184716725436	-0.02244399457041291	0.14494779510065842	0.04868067582270876	0.982444088165721	-0.18009387948975203	-0.13836107833586553	0.1852022697915667	0.9729112658746368
0.9890528412379411	-0.02212027500368299	0.14589438191005644	0.04863611703626283	0.9823206513762278	-0.1807779466622466	-0.1393162063752488	0.18589467801296672	0.9726428755343167
0.9889491681702802	-0.022010397990017413	0.14661202254805686	0.04854364345723581	0.9824776852705506	-0.17994752742207357	-0.14008232384996924	0.18507603930747543	0.9726889545065526
0.988784526614466	-0.02231977176694527	0.14767189209892922	0.04874142355679571	0.9828568936863552	-0.17781057382187895	-0.14117164572768628	0.1830140823037405	0.972921585802811
0.9886784413842815	-0.022675481293158994	0.14832653872477206	0.04888408993666835	0.9832608972937067	-0.17552308567319164	-0.1418636151132891	0.18078669862934732	0.9732373216773441
0.9885409232424589	-0.022800131665499386	0.14922130233643918	0.04889856396165137	0.9835928146395376	-0.1736493749829245	-0.1428137721560333	0.17895622086283539	0.9734366427749968
0.9884150306201999	-0.0229647392891869	0.15002782406423482	0.04904157898690535	0.9837864785861374	-0.1725082261272154	-0.14363373828784254	0.17786732499384766	0.97351556943122
0.9883290558557966	-0.02301230728037968	0.15058589264875755	0.049108729697197574	0.9838796928694478	-0.1719566300747039	-0.14420128299955356	0.17734481574817562	0.9735269931072935
0.9882919879039576	-0.023346140350136078	0.15077766537387255	0.049319921845699284	0.9840523464694486	-0.17090501665283642	-0.14438314290102516	0.1763404013229071	0.9736824795113129
0.9880766368503843	-0.023415487889415623	0.15217185888768792	0.049242270052885645	0.9845144000661432	-0.16824563858371216	-0.14587583264705795	0.17373287250633668	0.9739287091261991
0.9880193160195732	-0.0240654589850869	0.15244239848563074	0.04940537015475253	0.9851065129055392	-0.16469446751776698	-0.14620855163801677	0.17025278827357282	0.9744932259964598
